0.0542144 1 2 1 
0.0542145 6 2 6 
0.0542146 7 2 7 
0.0542147 9 2 9 
0.0542148 11 2 11 
0.0542149 13 2 13 
0.054215 15 2 15 
0.0542151 16 2 16 
0.0542152 18 2 17 
0.0542153 19 2 18 
0.0542154 20 2 19 
0.0542155 24 2 23 
0.0542156 25 2 24 
0.0542157 28 2 27 
0.0542157 30 2 29 
0.0559 11 1 10 
0.0592144 3 2 3 
0.0592145 4 2 4 
0.0592146 5 2 5 
0.0592147 8 2 8 
0.0592148 10 2 10 
0.0592149 14 2 14 
0.059215 21 2 20 
0.059215 22 2 21 
0.0592151 23 2 22 
0.0592152 26 2 25 
0.0592153 27 2 26 
0.0592154 29 2 28 
0.0672679 17 2 30 
0.0712144 2 2 2 
0.0712145 12 2 12 
0.0783 11 2 11 
0.1407 11 1 10 
0.1487 1 1 13 
0.2655 11 2 11 
0.2895 17 1 4 
0.3039 17 2 30 
0.4047 11 1 10 
0.4303 1 2 1 
0.4335 11 2 11 
0.4767 11 1 10 
0.5039 1 1 13 
0.5999 11 2 11 
0.6159 11 1 10 
0.8047 16 1 3 
0.8159 11 2 11 
1.0047 1 2 1 
1.2047 1 1 13 
1.2047 15 1 5 
1.3199 17 1 4 
1.3535 1 2 1 
1.4047 17 2 30 
1.4127 16 2 16 
1.4255 16 1 3 
1.4575 16 2 16 
1.5951 16 1 3 
1.7039 16 2 16 
1.7039 19 1 7 
1.7359 16 1 3 
1.8047 1 1 13 
1.8047 19 2 18 
1.8319 19 1 7 
1.8415 19 2 18 
1.8527 15 2 15 
1.9039 1 2 1 
1.9039 15 1 5 
1.9295 15 2 15 
2.0559 1 1 13 
2.2319 12 1 30 
2.3055 30 1 9 
2.3327 12 2 12 
2.3439 15 1 5 
2.3775 12 1 30 
2.4271 12 2 12 
2.5535 12 1 30 
2.6047 12 2 12 
2.6047 30 2 29 
2.6063 15 2 15 
2.6175 20 1 1 
2.6399 15 1 5 
2.6735 20 2 19 
2.7055 20 1 1 
2.7055 30 1 9 
2.7087 1 2 1 
2.7535 20 2 19 
2.7663 15 2 15 
2.8047 15 1 5 
2.8047 20 1 1 
2.9055 1 1 13 
2.9055 25 1 15 
2.9551 20 2 19 
3.0047 25 2 24 
3.0047 30 2 29 
3.0111 20 1 1 
3.1055 12 1 30 
3.1055 30 1 9 
3.2047 25 1 15 
3.3055 25 2 24 
3.4879 18 1 8 
3.5055 18 2 17 
3.5055 30 2 29 
3.6063 22 1 24 
3.6063 25 1 15 
3.7055 9 1 11 
3.7055 25 2 24 
3.8063 18 1 8 
3.8063 20 2 19 
3.9055 12 2 12 
3.9695 12 1 30 
4.0063 12 2 12 
4.1055 15 2 15 
4.1151 9 2 9 
4.2063 12 1 30 
4.3119 16 2 16 
4.3775 16 1 3 
4.4063 9 1 11 
4.4063 29 1 26 
4.5007 12 2 12 
4.5055 29 2 28 
4.5071 12 1 30 
4.6367 18 2 17 
4.6559 12 2 12 
4.7055 18 1 8 
4.7455 18 2 17 
4.7887 18 1 8 
4.8047 18 2 17 
4.8303 18 1 8 
4.9071 16 2 16 
4.9407 16 1 3 
5.0063 10 1 19 
5.0095 18 2 17 
5.0143 16 2 16 
5.0335 18 1 8 
5.0351 1 2 1 
5.0879 18 2 17 
5.1071 1 1 13 
5.2063 10 2 10 
5.3071 25 1 15 
5.3695 10 1 19 
5.4063 10 2 10 
5.4063 25 2 24 
5.4063 27 1 23 
5.4559 18 1 8 
5.4911 18 2 17 
5.5071 27 2 26 
5.5231 16 1 3 
5.5407 16 2 16 
5.5615 16 1 3 
5.5695 16 2 16 
5.7199 9 2 9 
5.7679 14 1 27 
5.8063 14 2 14 
6.0223 18 1 8 
6.1279 18 2 17 
6.3183 9 1 11 
6.4063 25 1 15 
6.5071 5 1 17 
6.5071 9 2 9 
6.5071 22 2 21 
6.6079 25 2 24 
6.6655 9 1 11 
6.7071 9 2 9 
7.4319 16 1 3 
7.4895 16 2 16 
7.7071 16 1 3 
7.7231 16 2 16 
8.1071 1 2 1 
8.2287 9 1 11 
8.3071 9 2 9 
8.4079 9 1 11 
8.5071 9 2 9 
8.6607 20 1 1 
8.7855 19 1 7 
8.8031 20 2 19 
8.8079 19 2 18 
8.8511 20 1 1 
8.9119 19 1 7 
8.9791 19 2 18 
9.0415 16 1 3 
9.0831 16 2 16 
9.1087 20 2 19 
9.1471 20 1 1 
9.1583 19 1 7 
9.2831 5 2 5 
9.4079 5 1 17 
9.4399 20 2 19 
9.4687 20 1 1 
9.5487 20 2 19 
9.6207 11 1 10 
9.7039 16 1 3 
9.7087 11 2 11 
9.7087 21 1 20 
9.7183 16 2 16 
9.7759 16 1 3 
9.8079 21 2 20 
