timestamp,ueImsiComplete,DRB.PdcpSduDelayDl(cellAverageLatency),m_pDCPBytesUL(0),m_pDCPBytesDL(cellDlTxVolume),DRB.PdcpSduVolumeDl_Filter.UEID(txBytes),Tot.PdcpSduNbrDl.UEID(txDlPackets),DRB.PdcpSduBitRateDl.UEID(pdcpThroughput),DRB.PdcpSduDelayDl.UEID(pdcpLatency),txPdcpPduLteRlc,txPdcpPduBytesLteRlc,QosFlow.PdcpPduVolumeDL_Filter.UEID(txPdcpPduBytesNrRlc),DRB.PdcpPduNbrDl.Qos.UEID (txPdcpPduNrRlc)
1772735854410,00001,,,,,,,,,,,,,
1772735854410,00002,,,,,,,,,,,,,
1772735854410,00003,,,,,,,,,,,,,
1772735854410,00004,,,,,,,,,,,,,
1772735854410,00005,,,,,,,,,,,,,
1772735854410,00006,,,,,,,,,,,,,
1772735854410,00007,,,,,,,,,,,,,
1772735854410,00008,,,,,,,,,,,,,
1772735854410,00009,,,,,,,,,,,,,
1772735854410,00010,,,,,,,,,,,,,
1772735854410,00011,,,,,,,,,,,,,
1772735854410,00012,,,,,,,,,,,,,
1772735854410,00013,,,,,,,,,,,,,
1772735854410,00014,,,,,,,,,,,,,
1772735854410,00015,,,,,,,,,,,,,
1772735854410,00016,,,,,,,,,,,,,
1772735854410,00018,,,,,,,,,,,,,
1772735854410,00019,,,,,,,,,,,,,
1772735854410,00020,,,,,,,,,,,,,
1772735854410,00021,,,,,,,,,,,,,
1772735854410,00022,,,,,,,,,,,,,
1772735854410,00023,,,,,,,,,,,,,
1772735854410,00024,,,,,,,,,,,,,
1772735854410,00025,,,,,,,,,,,,,
1772735854410,00026,,,,,,,,,,,,,
1772735854410,00027,,,,,,,,,,,,,
1772735854410,00028,,,,,,,,,,,,,
1772735854410,00029,,,,,,,,,,,,,
1772735854410,00030,,,,,,,,,,,,,
1772735854410,00017,,,,,,,,,,,,,
1772735854510,00001,,,,,,,,,,,,,
1772735854510,00002,,,,,,,,,,,,,
1772735854510,00003,,,,,,,,,,,,,
1772735854510,00004,,,,,,,,,,,,,
1772735854510,00005,,,,,,,,,,,,,
1772735854510,00006,,,,,,,,,,,,,
1772735854510,00007,,,,,,,,,,,,,
1772735854510,00008,,,,,,,,,,,,,
1772735854510,00009,,,,,,,,,,,,,
1772735854510,00010,,,,,,,,,,,,,
1772735854510,00011,,,,,,,,,,,,,
1772735854510,00012,,,,,,,,,,,,,
1772735854510,00013,,,,,,,,,,,,,
1772735854510,00014,,,,,,,,,,,,,
1772735854510,00015,,,,,,,,,,,,,
1772735854510,00016,,,,,,,,,,,,,
1772735854510,00018,,,,,,,,,,,,,
1772735854510,00019,,,,,,,,,,,,,
1772735854510,00020,,,,,,,,,,,,,
1772735854510,00021,,,,,,,,,,,,,
1772735854510,00022,,,,,,,,,,,,,
1772735854510,00023,,,,,,,,,,,,,
1772735854510,00024,,,,,,,,,,,,,
1772735854510,00025,,,,,,,,,,,,,
1772735854510,00026,,,,,,,,,,,,,
1772735854510,00027,,,,,,,,,,,,,
1772735854510,00028,,,,,,,,,,,,,
1772735854510,00029,,,,,,,,,,,,,
1772735854510,00030,,,,,,,,,,,,,
1772735854510,00017,,,,,,,,,,,,,
1772735854610,00001,,,,,,,,,,,,,
1772735854610,00002,,,,,,,,,,,,,
1772735854610,00003,,,,,,,,,,,,,
1772735854610,00004,,,,,,,,,,,,,
1772735854610,00005,,,,,,,,,,,,,
1772735854610,00006,,,,,,,,,,,,,
1772735854610,00007,,,,,,,,,,,,,
1772735854610,00008,,,,,,,,,,,,,
1772735854610,00009,,,,,,,,,,,,,
1772735854610,00010,,,,,,,,,,,,,
1772735854610,00011,,,,,,,,,,,,,
1772735854610,00012,,,,,,,,,,,,,
1772735854610,00013,,,,,,,,,,,,,
1772735854610,00014,,,,,,,,,,,,,
1772735854610,00015,,,,,,,,,,,,,
1772735854610,00016,,,,,,,,,,,,,
1772735854610,00018,,,,,,,,,,,,,
1772735854610,00019,,,,,,,,,,,,,
1772735854610,00020,,,,,,,,,,,,,
1772735854610,00021,,,,,,,,,,,,,
1772735854610,00022,,,,,,,,,,,,,
1772735854610,00023,,,,,,,,,,,,,
1772735854610,00024,,,,,,,,,,,,,
1772735854610,00025,,,,,,,,,,,,,
1772735854610,00026,,,,,,,,,,,,,
1772735854610,00027,,,,,,,,,,,,,
1772735854610,00028,,,,,,,,,,,,,
1772735854610,00029,,,,,,,,,,,,,
1772735854610,00030,,,,,,,,,,,,,
1772735854610,00017,,,,,,,,,,,,,
1772735854710,00001,,,,,,,,,,,,,
1772735854710,00002,,,,,,,,,,,,,
1772735854710,00003,,,,,,,,,,,,,
1772735854710,00004,,,,,,,,,,,,,
1772735854710,00005,,,,,,,,,,,,,
1772735854710,00006,,,,,,,,,,,,,
1772735854710,00007,,,,,,,,,,,,,
1772735854710,00008,,,,,,,,,,,,,
1772735854710,00009,,,,,,,,,,,,,
1772735854710,00010,,,,,,,,,,,,,
1772735854710,00011,,,,,,,,,,,,,
1772735854710,00012,,,,,,,,,,,,,
1772735854710,00013,,,,,,,,,,,,,
1772735854710,00014,,,,,,,,,,,,,
1772735854710,00015,,,,,,,,,,,,,
1772735854710,00016,,,,,,,,,,,,,
1772735854710,00018,,,,,,,,,,,,,
1772735854710,00019,,,,,,,,,,,,,
1772735854710,00020,,,,,,,,,,,,,
1772735854710,00021,,,,,,,,,,,,,
1772735854710,00022,,,,,,,,,,,,,
1772735854710,00023,,,,,,,,,,,,,
1772735854710,00024,,,,,,,,,,,,,
1772735854710,00025,,,,,,,,,,,,,
1772735854710,00026,,,,,,,,,,,,,
1772735854710,00027,,,,,,,,,,,,,
1772735854710,00028,,,,,,,,,,,,,
1772735854710,00029,,,,,,,,,,,,,
1772735854710,00030,,,,,,,,,,,,,
1772735854710,00017,,,,,,,,,,,,,
1772735854810,00001,,,,,,,,,,,,,
1772735854810,00002,,,,,,,,,,,,,
1772735854810,00003,,,,,,,,,,,,,
1772735854810,00004,,,,,,,,,,,,,
1772735854810,00005,,,,,,,,,,,,,
1772735854810,00006,,,,,,,,,,,,,
1772735854810,00007,,,,,,,,,,,,,
1772735854810,00008,,,,,,,,,,,,,
1772735854810,00009,,,,,,,,,,,,,
1772735854810,00010,,,,,,,,,,,,,
1772735854810,00011,,,,,,,,,,,,,
1772735854810,00012,,,,,,,,,,,,,
1772735854810,00013,,,,,,,,,,,,,
1772735854810,00014,,,,,,,,,,,,,
1772735854810,00015,,,,,,,,,,,,,
1772735854810,00016,,,,,,,,,,,,,
1772735854810,00018,,,,,,,,,,,,,
1772735854810,00019,,,,,,,,,,,,,
1772735854810,00020,,,,,,,,,,,,,
1772735854810,00021,,,,,,,,,,,,,
1772735854810,00022,,,,,,,,,,,,,
1772735854810,00023,,,,,,,,,,,,,
1772735854810,00024,,,,,,,,,,,,,
1772735854810,00025,,,,,,,,,,,,,
1772735854810,00026,,,,,,,,,,,,,
1772735854810,00027,,,,,,,,,,,,,
1772735854810,00028,,,,,,,,,,,,,
1772735854810,00029,,,,,,,,,,,,,
1772735854810,00030,,,,,,,,,,,,,
1772735854810,00017,,,,,,,,,,,,,
1772735854910,00001,,,,,,,,,,,,,
1772735854910,00002,,,,,,,,,,,,,
1772735854910,00003,,,,,,,,,,,,,
1772735854910,00004,,,,,,,,,,,,,
1772735854910,00005,,,,,,,,,,,,,
1772735854910,00006,,,,,,,,,,,,,
1772735854910,00007,,,,,,,,,,,,,
1772735854910,00008,,,,,,,,,,,,,
1772735854910,00009,,,,,,,,,,,,,
1772735854910,00010,,,,,,,,,,,,,
1772735854910,00011,,,,,,,,,,,,,
1772735854910,00012,,,,,,,,,,,,,
1772735854910,00013,,,,,,,,,,,,,
1772735854910,00014,,,,,,,,,,,,,
1772735854910,00015,,,,,,,,,,,,,
1772735854910,00016,,,,,,,,,,,,,
1772735854910,00018,,,,,,,,,,,,,
1772735854910,00019,,,,,,,,,,,,,
1772735854910,00020,,,,,,,,,,,,,
1772735854910,00021,,,,,,,,,,,,,
1772735854910,00022,,,,,,,,,,,,,
1772735854910,00023,,,,,,,,,,,,,
1772735854910,00024,,,,,,,,,,,,,
1772735854910,00025,,,,,,,,,,,,,
1772735854910,00026,,,,,,,,,,,,,
1772735854910,00027,,,,,,,,,,,,,
1772735854910,00028,,,,,,,,,,,,,
1772735854910,00029,,,,,,,,,,,,,
1772735854910,00030,,,,,,,,,,,,,
1772735854910,00017,,,,,,,,,,,,,
1772735855010,00001,,,,,,,,,,,,,
1772735855010,00002,,,,,,,,,,,,,
1772735855010,00003,,,,,,,,,,,,,
1772735855010,00004,,,,,,,,,,,,,
1772735855010,00005,,,,,,,,,,,,,
1772735855010,00006,,,,,,,,,,,,,
1772735855010,00007,,,,,,,,,,,,,
1772735855010,00008,,,,,,,,,,,,,
1772735855010,00009,,,,,,,,,,,,,
1772735855010,00010,,,,,,,,,,,,,
1772735855010,00011,,,,,,,,,,,,,
1772735855010,00012,,,,,,,,,,,,,
1772735855010,00013,,,,,,,,,,,,,
1772735855010,00014,,,,,,,,,,,,,
1772735855010,00015,,,,,,,,,,,,,
1772735855010,00016,,,,,,,,,,,,,
1772735855010,00018,,,,,,,,,,,,,
1772735855010,00019,,,,,,,,,,,,,
1772735855010,00020,,,,,,,,,,,,,
1772735855010,00021,,,,,,,,,,,,,
1772735855010,00022,,,,,,,,,,,,,
1772735855010,00023,,,,,,,,,,,,,
1772735855010,00024,,,,,,,,,,,,,
1772735855010,00025,,,,,,,,,,,,,
1772735855010,00026,,,,,,,,,,,,,
1772735855010,00027,,,,,,,,,,,,,
1772735855010,00028,,,,,,,,,,,,,
1772735855010,00029,,,,,,,,,,,,,
1772735855010,00030,,,,,,,,,,,,,
1772735855010,00017,,,,,,,,,,,,,
1772735855110,00001,,,,,,,,,,,,,
1772735855110,00002,,,,,,,,,,,,,
1772735855110,00003,,,,,,,,,,,,,
1772735855110,00004,,,,,,,,,,,,,
1772735855110,00005,,,,,,,,,,,,,
1772735855110,00006,,,,,,,,,,,,,
1772735855110,00007,,,,,,,,,,,,,
1772735855110,00008,,,,,,,,,,,,,
1772735855110,00009,,,,,,,,,,,,,
1772735855110,00010,,,,,,,,,,,,,
1772735855110,00011,,,,,,,,,,,,,
1772735855110,00012,,,,,,,,,,,,,
1772735855110,00013,,,,,,,,,,,,,
1772735855110,00014,,,,,,,,,,,,,
1772735855110,00015,,,,,,,,,,,,,
1772735855110,00016,,,,,,,,,,,,,
1772735855110,00018,,,,,,,,,,,,,
1772735855110,00019,,,,,,,,,,,,,
1772735855110,00020,,,,,,,,,,,,,
1772735855110,00021,,,,,,,,,,,,,
1772735855110,00022,,,,,,,,,,,,,
1772735855110,00023,,,,,,,,,,,,,
1772735855110,00024,,,,,,,,,,,,,
1772735855110,00025,,,,,,,,,,,,,
1772735855110,00026,,,,,,,,,,,,,
1772735855110,00027,,,,,,,,,,,,,
1772735855110,00028,,,,,,,,,,,,,
1772735855110,00029,,,,,,,,,,,,,
1772735855110,00030,,,,,,,,,,,,,
1772735855110,00017,,,,,,,,,,,,,
1772735855210,00001,,,,,,,,,,,,,
1772735855210,00002,,,,,,,,,,,,,
1772735855210,00003,,,,,,,,,,,,,
1772735855210,00004,,,,,,,,,,,,,
1772735855210,00005,,,,,,,,,,,,,
1772735855210,00006,,,,,,,,,,,,,
1772735855210,00007,,,,,,,,,,,,,
1772735855210,00008,,,,,,,,,,,,,
1772735855210,00009,,,,,,,,,,,,,
1772735855210,00010,,,,,,,,,,,,,
1772735855210,00011,,,,,,,,,,,,,
1772735855210,00012,,,,,,,,,,,,,
1772735855210,00013,,,,,,,,,,,,,
1772735855210,00014,,,,,,,,,,,,,
1772735855210,00015,,,,,,,,,,,,,
1772735855210,00016,,,,,,,,,,,,,
1772735855210,00018,,,,,,,,,,,,,
1772735855210,00019,,,,,,,,,,,,,
1772735855210,00020,,,,,,,,,,,,,
1772735855210,00021,,,,,,,,,,,,,
1772735855210,00022,,,,,,,,,,,,,
1772735855210,00023,,,,,,,,,,,,,
1772735855210,00024,,,,,,,,,,,,,
1772735855210,00025,,,,,,,,,,,,,
1772735855210,00026,,,,,,,,,,,,,
1772735855210,00027,,,,,,,,,,,,,
1772735855210,00028,,,,,,,,,,,,,
1772735855210,00029,,,,,,,,,,,,,
1772735855210,00030,,,,,,,,,,,,,
1772735855210,00017,,,,,,,,,,,,,
1772735855310,00001,,,,,,,,,,,,,
1772735855310,00002,,,,,,,,,,,,,
1772735855310,00003,,,,,,,,,,,,,
1772735855310,00004,,,,,,,,,,,,,
1772735855310,00005,,,,,,,,,,,,,
1772735855310,00006,,,,,,,,,,,,,
1772735855310,00007,,,,,,,,,,,,,
1772735855310,00008,,,,,,,,,,,,,
1772735855310,00009,,,,,,,,,,,,,
1772735855310,00010,,,,,,,,,,,,,
1772735855310,00011,,,,,,,,,,,,,
1772735855310,00012,,,,,,,,,,,,,
1772735855310,00013,,,,,,,,,,,,,
1772735855310,00014,,,,,,,,,,,,,
1772735855310,00015,,,,,,,,,,,,,
1772735855310,00016,,,,,,,,,,,,,
1772735855310,00018,,,,,,,,,,,,,
1772735855310,00019,,,,,,,,,,,,,
1772735855310,00020,,,,,,,,,,,,,
1772735855310,00021,,,,,,,,,,,,,
1772735855310,00022,,,,,,,,,,,,,
1772735855310,00023,,,,,,,,,,,,,
1772735855310,00024,,,,,,,,,,,,,
1772735855310,00025,,,,,,,,,,,,,
1772735855310,00026,,,,,,,,,,,,,
1772735855310,00027,,,,,,,,,,,,,
1772735855310,00028,,,,,,,,,,,,,
1772735855310,00029,,,,,,,,,,,,,
1772735855310,00030,,,,,,,,,,,,,
1772735855310,00017,,,,,,,,,,,,,
1772735855410,00001,,,,,,,,,,,,,
1772735855410,00002,,,,,,,,,,,,,
1772735855410,00003,,,,,,,,,,,,,
1772735855410,00004,,,,,,,,,,,,,
1772735855410,00005,,,,,,,,,,,,,
1772735855410,00006,,,,,,,,,,,,,
1772735855410,00007,,,,,,,,,,,,,
1772735855410,00008,,,,,,,,,,,,,
1772735855410,00009,,,,,,,,,,,,,
1772735855410,00010,,,,,,,,,,,,,
1772735855410,00011,,,,,,,,,,,,,
1772735855410,00012,,,,,,,,,,,,,
1772735855410,00013,,,,,,,,,,,,,
1772735855410,00014,,,,,,,,,,,,,
1772735855410,00015,,,,,,,,,,,,,
1772735855410,00016,,,,,,,,,,,,,
1772735855410,00018,,,,,,,,,,,,,
1772735855410,00019,,,,,,,,,,,,,
1772735855410,00020,,,,,,,,,,,,,
1772735855410,00021,,,,,,,,,,,,,
1772735855410,00022,,,,,,,,,,,,,
1772735855410,00023,,,,,,,,,,,,,
1772735855410,00024,,,,,,,,,,,,,
1772735855410,00025,,,,,,,,,,,,,
1772735855410,00026,,,,,,,,,,,,,
1772735855410,00027,,,,,,,,,,,,,
1772735855410,00028,,,,,,,,,,,,,
1772735855410,00029,,,,,,,,,,,,,
1772735855410,00030,,,,,,,,,,,,,
1772735855410,00017,,,,,,,,,,,,,
1772735855510,00001,,,,,,,,,,,,,
1772735855510,00002,,,,,,,,,,,,,
1772735855510,00003,,,,,,,,,,,,,
1772735855510,00004,,,,,,,,,,,,,
1772735855510,00005,,,,,,,,,,,,,
1772735855510,00006,,,,,,,,,,,,,
1772735855510,00007,,,,,,,,,,,,,
1772735855510,00008,,,,,,,,,,,,,
1772735855510,00009,,,,,,,,,,,,,
1772735855510,00010,,,,,,,,,,,,,
1772735855510,00011,,,,,,,,,,,,,
1772735855510,00012,,,,,,,,,,,,,
1772735855510,00013,,,,,,,,,,,,,
1772735855510,00014,,,,,,,,,,,,,
1772735855510,00015,,,,,,,,,,,,,
1772735855510,00016,,,,,,,,,,,,,
1772735855510,00018,,,,,,,,,,,,,
1772735855510,00019,,,,,,,,,,,,,
1772735855510,00020,,,,,,,,,,,,,
1772735855510,00021,,,,,,,,,,,,,
1772735855510,00022,,,,,,,,,,,,,
1772735855510,00023,,,,,,,,,,,,,
1772735855510,00024,,,,,,,,,,,,,
1772735855510,00025,,,,,,,,,,,,,
1772735855510,00026,,,,,,,,,,,,,
1772735855510,00027,,,,,,,,,,,,,
1772735855510,00028,,,,,,,,,,,,,
1772735855510,00029,,,,,,,,,,,,,
1772735855510,00030,,,,,,,,,,,,,
1772735855510,00017,,,,,,,,,,,,,
1772735855610,00001,,,,,,,,,,,,,
1772735855610,00002,,,,,,,,,,,,,
1772735855610,00003,,,,,,,,,,,,,
1772735855610,00004,,,,,,,,,,,,,
1772735855610,00005,,,,,,,,,,,,,
1772735855610,00006,,,,,,,,,,,,,
1772735855610,00007,,,,,,,,,,,,,
1772735855610,00008,,,,,,,,,,,,,
1772735855610,00009,,,,,,,,,,,,,
1772735855610,00010,,,,,,,,,,,,,
1772735855610,00011,,,,,,,,,,,,,
1772735855610,00012,,,,,,,,,,,,,
1772735855610,00013,,,,,,,,,,,,,
1772735855610,00014,,,,,,,,,,,,,
1772735855610,00015,,,,,,,,,,,,,
1772735855610,00016,,,,,,,,,,,,,
1772735855610,00018,,,,,,,,,,,,,
1772735855610,00019,,,,,,,,,,,,,
1772735855610,00020,,,,,,,,,,,,,
1772735855610,00021,,,,,,,,,,,,,
1772735855610,00022,,,,,,,,,,,,,
1772735855610,00023,,,,,,,,,,,,,
1772735855610,00024,,,,,,,,,,,,,
1772735855610,00025,,,,,,,,,,,,,
1772735855610,00026,,,,,,,,,,,,,
1772735855610,00027,,,,,,,,,,,,,
1772735855610,00028,,,,,,,,,,,,,
1772735855610,00029,,,,,,,,,,,,,
1772735855610,00030,,,,,,,,,,,,,
1772735855610,00017,,,,,,,,,,,,,
1772735855710,00001,,,,,,,,,,,,,
1772735855710,00002,,,,,,,,,,,,,
1772735855710,00003,,,,,,,,,,,,,
1772735855710,00004,,,,,,,,,,,,,
1772735855710,00005,,,,,,,,,,,,,
1772735855710,00006,,,,,,,,,,,,,
1772735855710,00007,,,,,,,,,,,,,
1772735855710,00008,,,,,,,,,,,,,
1772735855710,00009,,,,,,,,,,,,,
1772735855710,00010,,,,,,,,,,,,,
1772735855710,00011,,,,,,,,,,,,,
1772735855710,00012,,,,,,,,,,,,,
1772735855710,00013,,,,,,,,,,,,,
1772735855710,00014,,,,,,,,,,,,,
1772735855710,00015,,,,,,,,,,,,,
1772735855710,00016,,,,,,,,,,,,,
1772735855710,00018,,,,,,,,,,,,,
1772735855710,00019,,,,,,,,,,,,,
1772735855710,00020,,,,,,,,,,,,,
1772735855710,00021,,,,,,,,,,,,,
1772735855710,00022,,,,,,,,,,,,,
1772735855710,00023,,,,,,,,,,,,,
1772735855710,00024,,,,,,,,,,,,,
1772735855710,00025,,,,,,,,,,,,,
1772735855710,00026,,,,,,,,,,,,,
1772735855710,00027,,,,,,,,,,,,,
1772735855710,00028,,,,,,,,,,,,,
1772735855710,00029,,,,,,,,,,,,,
1772735855710,00030,,,,,,,,,,,,,
1772735855710,00017,,,,,,,,,,,,,
1772735855810,00001,,,,,,,,,,,,,
1772735855810,00002,,,,,,,,,,,,,
1772735855810,00003,,,,,,,,,,,,,
1772735855810,00004,,,,,,,,,,,,,
1772735855810,00005,,,,,,,,,,,,,
1772735855810,00006,,,,,,,,,,,,,
1772735855810,00007,,,,,,,,,,,,,
1772735855810,00008,,,,,,,,,,,,,
1772735855810,00009,,,,,,,,,,,,,
1772735855810,00010,,,,,,,,,,,,,
1772735855810,00011,,,,,,,,,,,,,
1772735855810,00012,,,,,,,,,,,,,
1772735855810,00013,,,,,,,,,,,,,
1772735855810,00014,,,,,,,,,,,,,
1772735855810,00015,,,,,,,,,,,,,
1772735855810,00016,,,,,,,,,,,,,
1772735855810,00018,,,,,,,,,,,,,
1772735855810,00019,,,,,,,,,,,,,
1772735855810,00020,,,,,,,,,,,,,
1772735855810,00021,,,,,,,,,,,,,
1772735855810,00022,,,,,,,,,,,,,
1772735855810,00023,,,,,,,,,,,,,
1772735855810,00024,,,,,,,,,,,,,
1772735855810,00025,,,,,,,,,,,,,
1772735855810,00026,,,,,,,,,,,,,
1772735855810,00027,,,,,,,,,,,,,
1772735855810,00028,,,,,,,,,,,,,
1772735855810,00029,,,,,,,,,,,,,
1772735855810,00030,,,,,,,,,,,,,
1772735855810,00017,,,,,,,,,,,,,
1772735855910,00001,,,,,,,,,,,,,
1772735855910,00002,,,,,,,,,,,,,
1772735855910,00003,,,,,,,,,,,,,
1772735855910,00004,,,,,,,,,,,,,
1772735855910,00005,,,,,,,,,,,,,
1772735855910,00006,,,,,,,,,,,,,
1772735855910,00007,,,,,,,,,,,,,
1772735855910,00008,,,,,,,,,,,,,
1772735855910,00009,,,,,,,,,,,,,
1772735855910,00010,,,,,,,,,,,,,
1772735855910,00011,,,,,,,,,,,,,
1772735855910,00012,,,,,,,,,,,,,
1772735855910,00013,,,,,,,,,,,,,
1772735855910,00014,,,,,,,,,,,,,
1772735855910,00015,,,,,,,,,,,,,
1772735855910,00016,,,,,,,,,,,,,
1772735855910,00018,,,,,,,,,,,,,
1772735855910,00019,,,,,,,,,,,,,
1772735855910,00020,,,,,,,,,,,,,
1772735855910,00021,,,,,,,,,,,,,
1772735855910,00022,,,,,,,,,,,,,
1772735855910,00023,,,,,,,,,,,,,
1772735855910,00024,,,,,,,,,,,,,
1772735855910,00025,,,,,,,,,,,,,
1772735855910,00026,,,,,,,,,,,,,
1772735855910,00027,,,,,,,,,,,,,
1772735855910,00028,,,,,,,,,,,,,
1772735855910,00029,,,,,,,,,,,,,
1772735855910,00030,,,,,,,,,,,,,
1772735855910,00017,,,,,,,,,,,,,
1772735856010,00001,,,,,,,,,,,,,
1772735856010,00002,,,,,,,,,,,,,
1772735856010,00003,,,,,,,,,,,,,
1772735856010,00004,,,,,,,,,,,,,
1772735856010,00005,,,,,,,,,,,,,
1772735856010,00006,,,,,,,,,,,,,
1772735856010,00007,,,,,,,,,,,,,
1772735856010,00008,,,,,,,,,,,,,
1772735856010,00009,,,,,,,,,,,,,
1772735856010,00010,,,,,,,,,,,,,
1772735856010,00011,,,,,,,,,,,,,
1772735856010,00012,,,,,,,,,,,,,
1772735856010,00013,,,,,,,,,,,,,
1772735856010,00014,,,,,,,,,,,,,
1772735856010,00015,,,,,,,,,,,,,
1772735856010,00016,,,,,,,,,,,,,
1772735856010,00018,,,,,,,,,,,,,
1772735856010,00019,,,,,,,,,,,,,
1772735856010,00020,,,,,,,,,,,,,
1772735856010,00021,,,,,,,,,,,,,
1772735856010,00022,,,,,,,,,,,,,
1772735856010,00023,,,,,,,,,,,,,
1772735856010,00024,,,,,,,,,,,,,
1772735856010,00025,,,,,,,,,,,,,
1772735856010,00026,,,,,,,,,,,,,
1772735856010,00027,,,,,,,,,,,,,
1772735856010,00028,,,,,,,,,,,,,
1772735856010,00029,,,,,,,,,,,,,
1772735856010,00030,,,,,,,,,,,,,
1772735856010,00017,,,,,,,,,,,,,
1772735856110,00001,,,,,,,,,,,,,
1772735856110,00002,,,,,,,,,,,,,
1772735856110,00003,,,,,,,,,,,,,
1772735856110,00004,,,,,,,,,,,,,
1772735856110,00005,,,,,,,,,,,,,
1772735856110,00006,,,,,,,,,,,,,
1772735856110,00007,,,,,,,,,,,,,
1772735856110,00008,,,,,,,,,,,,,
1772735856110,00009,,,,,,,,,,,,,
1772735856110,00010,,,,,,,,,,,,,
1772735856110,00011,,,,,,,,,,,,,
1772735856110,00012,,,,,,,,,,,,,
1772735856110,00013,,,,,,,,,,,,,
1772735856110,00014,,,,,,,,,,,,,
1772735856110,00015,,,,,,,,,,,,,
1772735856110,00016,,,,,,,,,,,,,
1772735856110,00018,,,,,,,,,,,,,
1772735856110,00019,,,,,,,,,,,,,
1772735856110,00020,,,,,,,,,,,,,
1772735856110,00021,,,,,,,,,,,,,
1772735856110,00022,,,,,,,,,,,,,
1772735856110,00023,,,,,,,,,,,,,
1772735856110,00024,,,,,,,,,,,,,
1772735856110,00025,,,,,,,,,,,,,
1772735856110,00026,,,,,,,,,,,,,
1772735856110,00027,,,,,,,,,,,,,
1772735856110,00028,,,,,,,,,,,,,
1772735856110,00029,,,,,,,,,,,,,
1772735856110,00030,,,,,,,,,,,,,
1772735856110,00017,,,,,,,,,,,,,
1772735856210,00001,,,,,,,,,,,,,
1772735856210,00002,,,,,,,,,,,,,
1772735856210,00003,,,,,,,,,,,,,
1772735856210,00004,,,,,,,,,,,,,
1772735856210,00005,,,,,,,,,,,,,
1772735856210,00006,,,,,,,,,,,,,
1772735856210,00007,,,,,,,,,,,,,
1772735856210,00008,,,,,,,,,,,,,
1772735856210,00009,,,,,,,,,,,,,
1772735856210,00010,,,,,,,,,,,,,
1772735856210,00011,,,,,,,,,,,,,
1772735856210,00012,,,,,,,,,,,,,
1772735856210,00013,,,,,,,,,,,,,
1772735856210,00014,,,,,,,,,,,,,
1772735856210,00015,,,,,,,,,,,,,
1772735856210,00016,,,,,,,,,,,,,
1772735856210,00018,,,,,,,,,,,,,
1772735856210,00019,,,,,,,,,,,,,
1772735856210,00020,,,,,,,,,,,,,
1772735856210,00021,,,,,,,,,,,,,
1772735856210,00022,,,,,,,,,,,,,
1772735856210,00023,,,,,,,,,,,,,
1772735856210,00024,,,,,,,,,,,,,
1772735856210,00025,,,,,,,,,,,,,
1772735856210,00026,,,,,,,,,,,,,
1772735856210,00027,,,,,,,,,,,,,
1772735856210,00028,,,,,,,,,,,,,
1772735856210,00029,,,,,,,,,,,,,
1772735856210,00030,,,,,,,,,,,,,
1772735856210,00017,,,,,,,,,,,,,
1772735856310,00001,,,,,,,,,,,,,
1772735856310,00002,,,,,,,,,,,,,
1772735856310,00003,,,,,,,,,,,,,
1772735856310,00004,,,,,,,,,,,,,
1772735856310,00005,,,,,,,,,,,,,
1772735856310,00006,,,,,,,,,,,,,
1772735856310,00007,,,,,,,,,,,,,
1772735856310,00008,,,,,,,,,,,,,
1772735856310,00009,,,,,,,,,,,,,
1772735856310,00010,,,,,,,,,,,,,
1772735856310,00011,,,,,,,,,,,,,
1772735856310,00012,,,,,,,,,,,,,
1772735856310,00013,,,,,,,,,,,,,
1772735856310,00014,,,,,,,,,,,,,
1772735856310,00015,,,,,,,,,,,,,
1772735856310,00016,,,,,,,,,,,,,
1772735856310,00018,,,,,,,,,,,,,
1772735856310,00019,,,,,,,,,,,,,
1772735856310,00020,,,,,,,,,,,,,
1772735856310,00021,,,,,,,,,,,,,
1772735856310,00022,,,,,,,,,,,,,
1772735856310,00023,,,,,,,,,,,,,
1772735856310,00024,,,,,,,,,,,,,
1772735856310,00025,,,,,,,,,,,,,
1772735856310,00026,,,,,,,,,,,,,
1772735856310,00027,,,,,,,,,,,,,
1772735856310,00028,,,,,,,,,,,,,
1772735856310,00029,,,,,,,,,,,,,
1772735856310,00030,,,,,,,,,,,,,
1772735856310,00017,,,,,,,,,,,,,
1772735856410,00001,,,,,,,,,,,,,
1772735856410,00002,,,,,,,,,,,,,
1772735856410,00003,,,,,,,,,,,,,
1772735856410,00004,,,,,,,,,,,,,
1772735856410,00005,,,,,,,,,,,,,
1772735856410,00006,,,,,,,,,,,,,
1772735856410,00007,,,,,,,,,,,,,
1772735856410,00008,,,,,,,,,,,,,
1772735856410,00009,,,,,,,,,,,,,
1772735856410,00010,,,,,,,,,,,,,
1772735856410,00011,,,,,,,,,,,,,
1772735856410,00012,,,,,,,,,,,,,
1772735856410,00013,,,,,,,,,,,,,
1772735856410,00014,,,,,,,,,,,,,
1772735856410,00015,,,,,,,,,,,,,
1772735856410,00016,,,,,,,,,,,,,
1772735856410,00018,,,,,,,,,,,,,
1772735856410,00019,,,,,,,,,,,,,
1772735856410,00020,,,,,,,,,,,,,
1772735856410,00021,,,,,,,,,,,,,
1772735856410,00022,,,,,,,,,,,,,
1772735856410,00023,,,,,,,,,,,,,
1772735856410,00024,,,,,,,,,,,,,
1772735856410,00025,,,,,,,,,,,,,
1772735856410,00026,,,,,,,,,,,,,
1772735856410,00027,,,,,,,,,,,,,
1772735856410,00028,,,,,,,,,,,,,
1772735856410,00029,,,,,,,,,,,,,
1772735856410,00030,,,,,,,,,,,,,
1772735856410,00017,,,,,,,,,,,,,
1772735856510,00001,,,,,,,,,,,,,
1772735856510,00002,,,,,,,,,,,,,
1772735856510,00003,,,,,,,,,,,,,
1772735856510,00004,,,,,,,,,,,,,
1772735856510,00005,,,,,,,,,,,,,
1772735856510,00006,,,,,,,,,,,,,
1772735856510,00007,,,,,,,,,,,,,
1772735856510,00008,,,,,,,,,,,,,
1772735856510,00009,,,,,,,,,,,,,
1772735856510,00010,,,,,,,,,,,,,
1772735856510,00011,,,,,,,,,,,,,
1772735856510,00012,,,,,,,,,,,,,
1772735856510,00013,,,,,,,,,,,,,
1772735856510,00014,,,,,,,,,,,,,
1772735856510,00015,,,,,,,,,,,,,
1772735856510,00016,,,,,,,,,,,,,
1772735856510,00018,,,,,,,,,,,,,
1772735856510,00019,,,,,,,,,,,,,
1772735856510,00020,,,,,,,,,,,,,
1772735856510,00021,,,,,,,,,,,,,
1772735856510,00022,,,,,,,,,,,,,
1772735856510,00023,,,,,,,,,,,,,
1772735856510,00024,,,,,,,,,,,,,
1772735856510,00025,,,,,,,,,,,,,
1772735856510,00026,,,,,,,,,,,,,
1772735856510,00027,,,,,,,,,,,,,
1772735856510,00028,,,,,,,,,,,,,
1772735856510,00029,,,,,,,,,,,,,
1772735856510,00030,,,,,,,,,,,,,
1772735856510,00017,,,,,,,,,,,,,
1772735856610,00001,,,,,,,,,,,,,
1772735856610,00002,,,,,,,,,,,,,
1772735856610,00003,,,,,,,,,,,,,
1772735856610,00004,,,,,,,,,,,,,
1772735856610,00005,,,,,,,,,,,,,
1772735856610,00006,,,,,,,,,,,,,
1772735856610,00007,,,,,,,,,,,,,
1772735856610,00008,,,,,,,,,,,,,
1772735856610,00009,,,,,,,,,,,,,
1772735856610,00010,,,,,,,,,,,,,
1772735856610,00011,,,,,,,,,,,,,
1772735856610,00012,,,,,,,,,,,,,
1772735856610,00013,,,,,,,,,,,,,
1772735856610,00014,,,,,,,,,,,,,
1772735856610,00015,,,,,,,,,,,,,
1772735856610,00016,,,,,,,,,,,,,
1772735856610,00018,,,,,,,,,,,,,
1772735856610,00019,,,,,,,,,,,,,
1772735856610,00020,,,,,,,,,,,,,
1772735856610,00021,,,,,,,,,,,,,
1772735856610,00022,,,,,,,,,,,,,
1772735856610,00023,,,,,,,,,,,,,
1772735856610,00024,,,,,,,,,,,,,
1772735856610,00025,,,,,,,,,,,,,
1772735856610,00026,,,,,,,,,,,,,
1772735856610,00027,,,,,,,,,,,,,
1772735856610,00028,,,,,,,,,,,,,
1772735856610,00029,,,,,,,,,,,,,
1772735856610,00030,,,,,,,,,,,,,
1772735856610,00017,,,,,,,,,,,,,
1772735856710,00001,,,,,,,,,,,,,
1772735856710,00002,,,,,,,,,,,,,
1772735856710,00003,,,,,,,,,,,,,
1772735856710,00004,,,,,,,,,,,,,
1772735856710,00005,,,,,,,,,,,,,
1772735856710,00006,,,,,,,,,,,,,
1772735856710,00007,,,,,,,,,,,,,
1772735856710,00008,,,,,,,,,,,,,
1772735856710,00009,,,,,,,,,,,,,
1772735856710,00010,,,,,,,,,,,,,
1772735856710,00011,,,,,,,,,,,,,
1772735856710,00012,,,,,,,,,,,,,
1772735856710,00013,,,,,,,,,,,,,
1772735856710,00014,,,,,,,,,,,,,
1772735856710,00015,,,,,,,,,,,,,
1772735856710,00016,,,,,,,,,,,,,
1772735856710,00018,,,,,,,,,,,,,
1772735856710,00019,,,,,,,,,,,,,
1772735856710,00020,,,,,,,,,,,,,
1772735856710,00021,,,,,,,,,,,,,
1772735856710,00022,,,,,,,,,,,,,
1772735856710,00023,,,,,,,,,,,,,
1772735856710,00024,,,,,,,,,,,,,
1772735856710,00025,,,,,,,,,,,,,
1772735856710,00026,,,,,,,,,,,,,
1772735856710,00027,,,,,,,,,,,,,
1772735856710,00028,,,,,,,,,,,,,
1772735856710,00029,,,,,,,,,,,,,
1772735856710,00030,,,,,,,,,,,,,
1772735856710,00017,,,,,,,,,,,,,
1772735856810,00001,,,,,,,,,,,,,
1772735856810,00002,,,,,,,,,,,,,
1772735856810,00003,,,,,,,,,,,,,
1772735856810,00004,,,,,,,,,,,,,
1772735856810,00005,,,,,,,,,,,,,
1772735856810,00006,,,,,,,,,,,,,
1772735856810,00007,,,,,,,,,,,,,
1772735856810,00008,,,,,,,,,,,,,
1772735856810,00009,,,,,,,,,,,,,
1772735856810,00010,,,,,,,,,,,,,
1772735856810,00011,,,,,,,,,,,,,
1772735856810,00012,,,,,,,,,,,,,
1772735856810,00013,,,,,,,,,,,,,
1772735856810,00014,,,,,,,,,,,,,
1772735856810,00015,,,,,,,,,,,,,
1772735856810,00016,,,,,,,,,,,,,
1772735856810,00018,,,,,,,,,,,,,
1772735856810,00019,,,,,,,,,,,,,
1772735856810,00020,,,,,,,,,,,,,
1772735856810,00021,,,,,,,,,,,,,
1772735856810,00022,,,,,,,,,,,,,
1772735856810,00023,,,,,,,,,,,,,
1772735856810,00024,,,,,,,,,,,,,
1772735856810,00025,,,,,,,,,,,,,
1772735856810,00026,,,,,,,,,,,,,
1772735856810,00027,,,,,,,,,,,,,
1772735856810,00028,,,,,,,,,,,,,
1772735856810,00029,,,,,,,,,,,,,
1772735856810,00030,,,,,,,,,,,,,
1772735856810,00017,,,,,,,,,,,,,
1772735856910,00001,,,,,,,,,,,,,
1772735856910,00002,,,,,,,,,,,,,
1772735856910,00003,,,,,,,,,,,,,
1772735856910,00004,,,,,,,,,,,,,
1772735856910,00005,,,,,,,,,,,,,
1772735856910,00006,,,,,,,,,,,,,
1772735856910,00007,,,,,,,,,,,,,
1772735856910,00008,,,,,,,,,,,,,
1772735856910,00009,,,,,,,,,,,,,
1772735856910,00010,,,,,,,,,,,,,
1772735856910,00011,,,,,,,,,,,,,
1772735856910,00012,,,,,,,,,,,,,
1772735856910,00013,,,,,,,,,,,,,
1772735856910,00014,,,,,,,,,,,,,
1772735856910,00015,,,,,,,,,,,,,
1772735856910,00016,,,,,,,,,,,,,
1772735856910,00018,,,,,,,,,,,,,
1772735856910,00019,,,,,,,,,,,,,
1772735856910,00020,,,,,,,,,,,,,
1772735856910,00021,,,,,,,,,,,,,
1772735856910,00022,,,,,,,,,,,,,
1772735856910,00023,,,,,,,,,,,,,
1772735856910,00024,,,,,,,,,,,,,
1772735856910,00025,,,,,,,,,,,,,
1772735856910,00026,,,,,,,,,,,,,
1772735856910,00027,,,,,,,,,,,,,
1772735856910,00028,,,,,,,,,,,,,
1772735856910,00029,,,,,,,,,,,,,
1772735856910,00030,,,,,,,,,,,,,
1772735856910,00017,,,,,,,,,,,,,
1772735857010,00001,,,,,,,,,,,,,
1772735857010,00002,,,,,,,,,,,,,
1772735857010,00003,,,,,,,,,,,,,
1772735857010,00004,,,,,,,,,,,,,
1772735857010,00005,,,,,,,,,,,,,
1772735857010,00006,,,,,,,,,,,,,
1772735857010,00007,,,,,,,,,,,,,
1772735857010,00008,,,,,,,,,,,,,
1772735857010,00009,,,,,,,,,,,,,
1772735857010,00010,,,,,,,,,,,,,
1772735857010,00011,,,,,,,,,,,,,
1772735857010,00012,,,,,,,,,,,,,
1772735857010,00013,,,,,,,,,,,,,
1772735857010,00014,,,,,,,,,,,,,
1772735857010,00015,,,,,,,,,,,,,
1772735857010,00016,,,,,,,,,,,,,
1772735857010,00018,,,,,,,,,,,,,
1772735857010,00019,,,,,,,,,,,,,
1772735857010,00020,,,,,,,,,,,,,
1772735857010,00021,,,,,,,,,,,,,
1772735857010,00022,,,,,,,,,,,,,
1772735857010,00023,,,,,,,,,,,,,
1772735857010,00024,,,,,,,,,,,,,
1772735857010,00025,,,,,,,,,,,,,
1772735857010,00026,,,,,,,,,,,,,
1772735857010,00027,,,,,,,,,,,,,
1772735857010,00028,,,,,,,,,,,,,
1772735857010,00029,,,,,,,,,,,,,
1772735857010,00030,,,,,,,,,,,,,
1772735857010,00017,,,,,,,,,,,,,
1772735857110,00001,,,,,,,,,,,,,
1772735857110,00002,,,,,,,,,,,,,
1772735857110,00003,,,,,,,,,,,,,
1772735857110,00004,,,,,,,,,,,,,
1772735857110,00005,,,,,,,,,,,,,
1772735857110,00006,,,,,,,,,,,,,
1772735857110,00007,,,,,,,,,,,,,
1772735857110,00008,,,,,,,,,,,,,
1772735857110,00009,,,,,,,,,,,,,
1772735857110,00010,,,,,,,,,,,,,
1772735857110,00011,,,,,,,,,,,,,
1772735857110,00012,,,,,,,,,,,,,
1772735857110,00013,,,,,,,,,,,,,
1772735857110,00014,,,,,,,,,,,,,
1772735857110,00015,,,,,,,,,,,,,
1772735857110,00016,,,,,,,,,,,,,
1772735857110,00018,,,,,,,,,,,,,
1772735857110,00019,,,,,,,,,,,,,
1772735857110,00020,,,,,,,,,,,,,
1772735857110,00021,,,,,,,,,,,,,
1772735857110,00022,,,,,,,,,,,,,
1772735857110,00023,,,,,,,,,,,,,
1772735857110,00024,,,,,,,,,,,,,
1772735857110,00025,,,,,,,,,,,,,
1772735857110,00026,,,,,,,,,,,,,
1772735857110,00027,,,,,,,,,,,,,
1772735857110,00028,,,,,,,,,,,,,
1772735857110,00029,,,,,,,,,,,,,
1772735857110,00030,,,,,,,,,,,,,
1772735857110,00017,,,,,,,,,,,,,
1772735857210,00001,,,,,,,,,,,,,
1772735857210,00002,,,,,,,,,,,,,
1772735857210,00003,,,,,,,,,,,,,
1772735857210,00004,,,,,,,,,,,,,
1772735857210,00005,,,,,,,,,,,,,
1772735857210,00006,,,,,,,,,,,,,
1772735857210,00007,,,,,,,,,,,,,
1772735857210,00008,,,,,,,,,,,,,
1772735857210,00009,,,,,,,,,,,,,
1772735857210,00010,,,,,,,,,,,,,
1772735857210,00011,,,,,,,,,,,,,
1772735857210,00012,,,,,,,,,,,,,
1772735857210,00013,,,,,,,,,,,,,
1772735857210,00014,,,,,,,,,,,,,
1772735857210,00015,,,,,,,,,,,,,
1772735857210,00016,,,,,,,,,,,,,
1772735857210,00018,,,,,,,,,,,,,
1772735857210,00019,,,,,,,,,,,,,
1772735857210,00020,,,,,,,,,,,,,
1772735857210,00021,,,,,,,,,,,,,
1772735857210,00022,,,,,,,,,,,,,
1772735857210,00023,,,,,,,,,,,,,
1772735857210,00024,,,,,,,,,,,,,
1772735857210,00025,,,,,,,,,,,,,
1772735857210,00026,,,,,,,,,,,,,
1772735857210,00027,,,,,,,,,,,,,
1772735857210,00028,,,,,,,,,,,,,
1772735857210,00029,,,,,,,,,,,,,
1772735857210,00030,,,,,,,,,,,,,
1772735857210,00017,,,,,,,,,,,,,
1772735857310,00001,,,,,,,,,,,,,
1772735857310,00002,,,,,,,,,,,,,
1772735857310,00003,,,,,,,,,,,,,
1772735857310,00004,,,,,,,,,,,,,
1772735857310,00005,,,,,,,,,,,,,
1772735857310,00006,,,,,,,,,,,,,
1772735857310,00007,,,,,,,,,,,,,
1772735857310,00008,,,,,,,,,,,,,
1772735857310,00009,,,,,,,,,,,,,
1772735857310,00010,,,,,,,,,,,,,
1772735857310,00011,,,,,,,,,,,,,
1772735857310,00012,,,,,,,,,,,,,
1772735857310,00013,,,,,,,,,,,,,
1772735857310,00014,,,,,,,,,,,,,
1772735857310,00015,,,,,,,,,,,,,
1772735857310,00016,,,,,,,,,,,,,
1772735857310,00018,,,,,,,,,,,,,
1772735857310,00019,,,,,,,,,,,,,
1772735857310,00020,,,,,,,,,,,,,
1772735857310,00021,,,,,,,,,,,,,
1772735857310,00022,,,,,,,,,,,,,
1772735857310,00023,,,,,,,,,,,,,
1772735857310,00024,,,,,,,,,,,,,
1772735857310,00025,,,,,,,,,,,,,
1772735857310,00026,,,,,,,,,,,,,
1772735857310,00027,,,,,,,,,,,,,
1772735857310,00028,,,,,,,,,,,,,
1772735857310,00029,,,,,,,,,,,,,
1772735857310,00030,,,,,,,,,,,,,
1772735857310,00017,,,,,,,,,,,,,
1772735857410,00001,,,,,,,,,,,,,
1772735857410,00002,,,,,,,,,,,,,
1772735857410,00003,,,,,,,,,,,,,
1772735857410,00004,,,,,,,,,,,,,
1772735857410,00005,,,,,,,,,,,,,
1772735857410,00006,,,,,,,,,,,,,
1772735857410,00007,,,,,,,,,,,,,
1772735857410,00008,,,,,,,,,,,,,
1772735857410,00009,,,,,,,,,,,,,
1772735857410,00010,,,,,,,,,,,,,
1772735857410,00011,,,,,,,,,,,,,
1772735857410,00012,,,,,,,,,,,,,
1772735857410,00013,,,,,,,,,,,,,
1772735857410,00014,,,,,,,,,,,,,
1772735857410,00015,,,,,,,,,,,,,
1772735857410,00016,,,,,,,,,,,,,
1772735857410,00018,,,,,,,,,,,,,
1772735857410,00019,,,,,,,,,,,,,
1772735857410,00020,,,,,,,,,,,,,
1772735857410,00021,,,,,,,,,,,,,
1772735857410,00022,,,,,,,,,,,,,
1772735857410,00023,,,,,,,,,,,,,
1772735857410,00024,,,,,,,,,,,,,
1772735857410,00025,,,,,,,,,,,,,
1772735857410,00026,,,,,,,,,,,,,
1772735857410,00027,,,,,,,,,,,,,
1772735857410,00028,,,,,,,,,,,,,
1772735857410,00029,,,,,,,,,,,,,
1772735857410,00030,,,,,,,,,,,,,
1772735857410,00017,,,,,,,,,,,,,
1772735857510,00001,,,,,,,,,,,,,
1772735857510,00002,,,,,,,,,,,,,
1772735857510,00003,,,,,,,,,,,,,
1772735857510,00004,,,,,,,,,,,,,
1772735857510,00005,,,,,,,,,,,,,
1772735857510,00006,,,,,,,,,,,,,
1772735857510,00007,,,,,,,,,,,,,
1772735857510,00008,,,,,,,,,,,,,
1772735857510,00009,,,,,,,,,,,,,
1772735857510,00010,,,,,,,,,,,,,
1772735857510,00011,,,,,,,,,,,,,
1772735857510,00012,,,,,,,,,,,,,
1772735857510,00013,,,,,,,,,,,,,
1772735857510,00014,,,,,,,,,,,,,
1772735857510,00015,,,,,,,,,,,,,
1772735857510,00016,,,,,,,,,,,,,
1772735857510,00018,,,,,,,,,,,,,
1772735857510,00019,,,,,,,,,,,,,
1772735857510,00020,,,,,,,,,,,,,
1772735857510,00021,,,,,,,,,,,,,
1772735857510,00022,,,,,,,,,,,,,
1772735857510,00023,,,,,,,,,,,,,
1772735857510,00024,,,,,,,,,,,,,
1772735857510,00025,,,,,,,,,,,,,
1772735857510,00026,,,,,,,,,,,,,
1772735857510,00027,,,,,,,,,,,,,
1772735857510,00028,,,,,,,,,,,,,
1772735857510,00029,,,,,,,,,,,,,
1772735857510,00030,,,,,,,,,,,,,
1772735857510,00017,,,,,,,,,,,,,
1772735857610,00001,,,,,,,,,,,,,
1772735857610,00002,,,,,,,,,,,,,
1772735857610,00003,,,,,,,,,,,,,
1772735857610,00004,,,,,,,,,,,,,
1772735857610,00005,,,,,,,,,,,,,
1772735857610,00006,,,,,,,,,,,,,
1772735857610,00007,,,,,,,,,,,,,
1772735857610,00008,,,,,,,,,,,,,
1772735857610,00009,,,,,,,,,,,,,
1772735857610,00010,,,,,,,,,,,,,
1772735857610,00011,,,,,,,,,,,,,
1772735857610,00012,,,,,,,,,,,,,
1772735857610,00013,,,,,,,,,,,,,
1772735857610,00014,,,,,,,,,,,,,
1772735857610,00015,,,,,,,,,,,,,
1772735857610,00016,,,,,,,,,,,,,
1772735857610,00018,,,,,,,,,,,,,
1772735857610,00019,,,,,,,,,,,,,
1772735857610,00020,,,,,,,,,,,,,
1772735857610,00021,,,,,,,,,,,,,
1772735857610,00022,,,,,,,,,,,,,
1772735857610,00023,,,,,,,,,,,,,
1772735857610,00024,,,,,,,,,,,,,
1772735857610,00025,,,,,,,,,,,,,
1772735857610,00026,,,,,,,,,,,,,
1772735857610,00027,,,,,,,,,,,,,
1772735857610,00028,,,,,,,,,,,,,
1772735857610,00029,,,,,,,,,,,,,
1772735857610,00030,,,,,,,,,,,,,
1772735857610,00017,,,,,,,,,,,,,
1772735857710,00001,,,,,,,,,,,,,
1772735857710,00002,,,,,,,,,,,,,
1772735857710,00003,,,,,,,,,,,,,
1772735857710,00004,,,,,,,,,,,,,
1772735857710,00005,,,,,,,,,,,,,
1772735857710,00006,,,,,,,,,,,,,
1772735857710,00007,,,,,,,,,,,,,
1772735857710,00008,,,,,,,,,,,,,
1772735857710,00009,,,,,,,,,,,,,
1772735857710,00010,,,,,,,,,,,,,
1772735857710,00011,,,,,,,,,,,,,
1772735857710,00012,,,,,,,,,,,,,
1772735857710,00013,,,,,,,,,,,,,
1772735857710,00014,,,,,,,,,,,,,
1772735857710,00015,,,,,,,,,,,,,
1772735857710,00016,,,,,,,,,,,,,
1772735857710,00018,,,,,,,,,,,,,
1772735857710,00019,,,,,,,,,,,,,
1772735857710,00020,,,,,,,,,,,,,
1772735857710,00021,,,,,,,,,,,,,
1772735857710,00022,,,,,,,,,,,,,
1772735857710,00023,,,,,,,,,,,,,
1772735857710,00024,,,,,,,,,,,,,
1772735857710,00025,,,,,,,,,,,,,
1772735857710,00026,,,,,,,,,,,,,
1772735857710,00027,,,,,,,,,,,,,
1772735857710,00028,,,,,,,,,,,,,
1772735857710,00029,,,,,,,,,,,,,
1772735857710,00030,,,,,,,,,,,,,
1772735857710,00017,,,,,,,,,,,,,
1772735857810,00001,,,,,,,,,,,,,
1772735857810,00002,,,,,,,,,,,,,
1772735857810,00003,,,,,,,,,,,,,
1772735857810,00004,,,,,,,,,,,,,
1772735857810,00005,,,,,,,,,,,,,
1772735857810,00006,,,,,,,,,,,,,
1772735857810,00007,,,,,,,,,,,,,
1772735857810,00008,,,,,,,,,,,,,
1772735857810,00009,,,,,,,,,,,,,
1772735857810,00010,,,,,,,,,,,,,
1772735857810,00011,,,,,,,,,,,,,
1772735857810,00012,,,,,,,,,,,,,
1772735857810,00013,,,,,,,,,,,,,
1772735857810,00014,,,,,,,,,,,,,
1772735857810,00015,,,,,,,,,,,,,
1772735857810,00016,,,,,,,,,,,,,
1772735857810,00018,,,,,,,,,,,,,
1772735857810,00019,,,,,,,,,,,,,
1772735857810,00020,,,,,,,,,,,,,
1772735857810,00021,,,,,,,,,,,,,
1772735857810,00022,,,,,,,,,,,,,
1772735857810,00023,,,,,,,,,,,,,
1772735857810,00024,,,,,,,,,,,,,
1772735857810,00025,,,,,,,,,,,,,
1772735857810,00026,,,,,,,,,,,,,
1772735857810,00027,,,,,,,,,,,,,
1772735857810,00028,,,,,,,,,,,,,
1772735857810,00029,,,,,,,,,,,,,
1772735857810,00030,,,,,,,,,,,,,
1772735857810,00017,,,,,,,,,,,,,
1772735857910,00001,,,,,,,,,,,,,
1772735857910,00002,,,,,,,,,,,,,
1772735857910,00003,,,,,,,,,,,,,
1772735857910,00004,,,,,,,,,,,,,
1772735857910,00005,,,,,,,,,,,,,
1772735857910,00006,,,,,,,,,,,,,
1772735857910,00007,,,,,,,,,,,,,
1772735857910,00008,,,,,,,,,,,,,
1772735857910,00009,,,,,,,,,,,,,
1772735857910,00010,,,,,,,,,,,,,
1772735857910,00011,,,,,,,,,,,,,
1772735857910,00012,,,,,,,,,,,,,
1772735857910,00013,,,,,,,,,,,,,
1772735857910,00014,,,,,,,,,,,,,
1772735857910,00015,,,,,,,,,,,,,
1772735857910,00016,,,,,,,,,,,,,
1772735857910,00018,,,,,,,,,,,,,
1772735857910,00019,,,,,,,,,,,,,
1772735857910,00020,,,,,,,,,,,,,
1772735857910,00021,,,,,,,,,,,,,
1772735857910,00022,,,,,,,,,,,,,
1772735857910,00023,,,,,,,,,,,,,
1772735857910,00024,,,,,,,,,,,,,
1772735857910,00025,,,,,,,,,,,,,
1772735857910,00026,,,,,,,,,,,,,
1772735857910,00027,,,,,,,,,,,,,
1772735857910,00028,,,,,,,,,,,,,
1772735857910,00029,,,,,,,,,,,,,
1772735857910,00030,,,,,,,,,,,,,
1772735857910,00017,,,,,,,,,,,,,
1772735858010,00001,,,,,,,,,,,,,
1772735858010,00002,,,,,,,,,,,,,
1772735858010,00003,,,,,,,,,,,,,
1772735858010,00004,,,,,,,,,,,,,
1772735858010,00005,,,,,,,,,,,,,
1772735858010,00006,,,,,,,,,,,,,
1772735858010,00007,,,,,,,,,,,,,
1772735858010,00008,,,,,,,,,,,,,
1772735858010,00009,,,,,,,,,,,,,
1772735858010,00010,,,,,,,,,,,,,
1772735858010,00011,,,,,,,,,,,,,
1772735858010,00012,,,,,,,,,,,,,
1772735858010,00013,,,,,,,,,,,,,
1772735858010,00014,,,,,,,,,,,,,
1772735858010,00015,,,,,,,,,,,,,
1772735858010,00016,,,,,,,,,,,,,
1772735858010,00018,,,,,,,,,,,,,
1772735858010,00019,,,,,,,,,,,,,
1772735858010,00020,,,,,,,,,,,,,
1772735858010,00021,,,,,,,,,,,,,
1772735858010,00022,,,,,,,,,,,,,
1772735858010,00023,,,,,,,,,,,,,
1772735858010,00024,,,,,,,,,,,,,
1772735858010,00025,,,,,,,,,,,,,
1772735858010,00026,,,,,,,,,,,,,
1772735858010,00027,,,,,,,,,,,,,
1772735858010,00028,,,,,,,,,,,,,
1772735858010,00029,,,,,,,,,,,,,
1772735858010,00030,,,,,,,,,,,,,
1772735858010,00017,,,,,,,,,,,,,
1772735858110,00001,,,,,,,,,,,,,
1772735858110,00002,,,,,,,,,,,,,
1772735858110,00003,,,,,,,,,,,,,
1772735858110,00004,,,,,,,,,,,,,
1772735858110,00005,,,,,,,,,,,,,
1772735858110,00006,,,,,,,,,,,,,
1772735858110,00007,,,,,,,,,,,,,
1772735858110,00008,,,,,,,,,,,,,
1772735858110,00009,,,,,,,,,,,,,
1772735858110,00010,,,,,,,,,,,,,
1772735858110,00011,,,,,,,,,,,,,
1772735858110,00012,,,,,,,,,,,,,
1772735858110,00013,,,,,,,,,,,,,
1772735858110,00014,,,,,,,,,,,,,
1772735858110,00015,,,,,,,,,,,,,
1772735858110,00016,,,,,,,,,,,,,
1772735858110,00018,,,,,,,,,,,,,
1772735858110,00019,,,,,,,,,,,,,
1772735858110,00020,,,,,,,,,,,,,
1772735858110,00021,,,,,,,,,,,,,
1772735858110,00022,,,,,,,,,,,,,
1772735858110,00023,,,,,,,,,,,,,
1772735858110,00024,,,,,,,,,,,,,
1772735858110,00025,,,,,,,,,,,,,
1772735858110,00026,,,,,,,,,,,,,
1772735858110,00027,,,,,,,,,,,,,
1772735858110,00028,,,,,,,,,,,,,
1772735858110,00029,,,,,,,,,,,,,
1772735858110,00030,,,,,,,,,,,,,
1772735858110,00017,,,,,,,,,,,,,
1772735858210,00001,,,,,,,,,,,,,
1772735858210,00002,,,,,,,,,,,,,
1772735858210,00003,,,,,,,,,,,,,
1772735858210,00004,,,,,,,,,,,,,
1772735858210,00005,,,,,,,,,,,,,
1772735858210,00006,,,,,,,,,,,,,
1772735858210,00007,,,,,,,,,,,,,
1772735858210,00008,,,,,,,,,,,,,
1772735858210,00009,,,,,,,,,,,,,
1772735858210,00010,,,,,,,,,,,,,
1772735858210,00011,,,,,,,,,,,,,
1772735858210,00012,,,,,,,,,,,,,
1772735858210,00013,,,,,,,,,,,,,
1772735858210,00014,,,,,,,,,,,,,
1772735858210,00015,,,,,,,,,,,,,
1772735858210,00016,,,,,,,,,,,,,
1772735858210,00018,,,,,,,,,,,,,
1772735858210,00019,,,,,,,,,,,,,
1772735858210,00020,,,,,,,,,,,,,
1772735858210,00021,,,,,,,,,,,,,
1772735858210,00022,,,,,,,,,,,,,
1772735858210,00023,,,,,,,,,,,,,
1772735858210,00024,,,,,,,,,,,,,
1772735858210,00025,,,,,,,,,,,,,
1772735858210,00026,,,,,,,,,,,,,
1772735858210,00027,,,,,,,,,,,,,
1772735858210,00028,,,,,,,,,,,,,
1772735858210,00029,,,,,,,,,,,,,
1772735858210,00030,,,,,,,,,,,,,
1772735858210,00017,,,,,,,,,,,,,
1772735858310,00001,,,,,,,,,,,,,
1772735858310,00002,,,,,,,,,,,,,
1772735858310,00003,,,,,,,,,,,,,
1772735858310,00004,,,,,,,,,,,,,
1772735858310,00005,,,,,,,,,,,,,
1772735858310,00006,,,,,,,,,,,,,
1772735858310,00007,,,,,,,,,,,,,
1772735858310,00008,,,,,,,,,,,,,
1772735858310,00009,,,,,,,,,,,,,
1772735858310,00010,,,,,,,,,,,,,
1772735858310,00011,,,,,,,,,,,,,
1772735858310,00012,,,,,,,,,,,,,
1772735858310,00013,,,,,,,,,,,,,
1772735858310,00014,,,,,,,,,,,,,
1772735858310,00015,,,,,,,,,,,,,
1772735858310,00016,,,,,,,,,,,,,
1772735858310,00018,,,,,,,,,,,,,
1772735858310,00019,,,,,,,,,,,,,
1772735858310,00020,,,,,,,,,,,,,
1772735858310,00021,,,,,,,,,,,,,
1772735858310,00022,,,,,,,,,,,,,
1772735858310,00023,,,,,,,,,,,,,
1772735858310,00024,,,,,,,,,,,,,
1772735858310,00025,,,,,,,,,,,,,
1772735858310,00026,,,,,,,,,,,,,
1772735858310,00027,,,,,,,,,,,,,
1772735858310,00028,,,,,,,,,,,,,
1772735858310,00029,,,,,,,,,,,,,
1772735858310,00030,,,,,,,,,,,,,
1772735858310,00017,,,,,,,,,,,,,
1772735858410,00001,,,,,,,,,,,,,
1772735858410,00002,,,,,,,,,,,,,
1772735858410,00003,,,,,,,,,,,,,
1772735858410,00004,,,,,,,,,,,,,
1772735858410,00005,,,,,,,,,,,,,
1772735858410,00006,,,,,,,,,,,,,
1772735858410,00007,,,,,,,,,,,,,
1772735858410,00008,,,,,,,,,,,,,
1772735858410,00009,,,,,,,,,,,,,
1772735858410,00010,,,,,,,,,,,,,
1772735858410,00011,,,,,,,,,,,,,
1772735858410,00012,,,,,,,,,,,,,
1772735858410,00013,,,,,,,,,,,,,
1772735858410,00014,,,,,,,,,,,,,
1772735858410,00015,,,,,,,,,,,,,
1772735858410,00016,,,,,,,,,,,,,
1772735858410,00018,,,,,,,,,,,,,
1772735858410,00019,,,,,,,,,,,,,
1772735858410,00020,,,,,,,,,,,,,
1772735858410,00021,,,,,,,,,,,,,
1772735858410,00022,,,,,,,,,,,,,
1772735858410,00023,,,,,,,,,,,,,
1772735858410,00024,,,,,,,,,,,,,
1772735858410,00025,,,,,,,,,,,,,
1772735858410,00026,,,,,,,,,,,,,
1772735858410,00027,,,,,,,,,,,,,
1772735858410,00028,,,,,,,,,,,,,
1772735858410,00029,,,,,,,,,,,,,
1772735858410,00030,,,,,,,,,,,,,
1772735858410,00017,,,,,,,,,,,,,
1772735858510,00001,,,,,,,,,,,,,
1772735858510,00002,,,,,,,,,,,,,
1772735858510,00003,,,,,,,,,,,,,
1772735858510,00004,,,,,,,,,,,,,
1772735858510,00005,,,,,,,,,,,,,
1772735858510,00006,,,,,,,,,,,,,
1772735858510,00007,,,,,,,,,,,,,
1772735858510,00008,,,,,,,,,,,,,
1772735858510,00009,,,,,,,,,,,,,
1772735858510,00010,,,,,,,,,,,,,
1772735858510,00011,,,,,,,,,,,,,
1772735858510,00012,,,,,,,,,,,,,
1772735858510,00013,,,,,,,,,,,,,
1772735858510,00014,,,,,,,,,,,,,
1772735858510,00015,,,,,,,,,,,,,
1772735858510,00016,,,,,,,,,,,,,
1772735858510,00018,,,,,,,,,,,,,
1772735858510,00019,,,,,,,,,,,,,
1772735858510,00020,,,,,,,,,,,,,
1772735858510,00021,,,,,,,,,,,,,
1772735858510,00022,,,,,,,,,,,,,
1772735858510,00023,,,,,,,,,,,,,
1772735858510,00024,,,,,,,,,,,,,
1772735858510,00025,,,,,,,,,,,,,
1772735858510,00026,,,,,,,,,,,,,
1772735858510,00027,,,,,,,,,,,,,
1772735858510,00028,,,,,,,,,,,,,
1772735858510,00029,,,,,,,,,,,,,
1772735858510,00030,,,,,,,,,,,,,
1772735858510,00017,,,,,,,,,,,,,
1772735858610,00001,,,,,,,,,,,,,
1772735858610,00002,,,,,,,,,,,,,
1772735858610,00003,,,,,,,,,,,,,
1772735858610,00004,,,,,,,,,,,,,
1772735858610,00005,,,,,,,,,,,,,
1772735858610,00006,,,,,,,,,,,,,
1772735858610,00007,,,,,,,,,,,,,
1772735858610,00008,,,,,,,,,,,,,
1772735858610,00009,,,,,,,,,,,,,
1772735858610,00010,,,,,,,,,,,,,
1772735858610,00011,,,,,,,,,,,,,
1772735858610,00012,,,,,,,,,,,,,
1772735858610,00013,,,,,,,,,,,,,
1772735858610,00014,,,,,,,,,,,,,
1772735858610,00015,,,,,,,,,,,,,
1772735858610,00016,,,,,,,,,,,,,
1772735858610,00018,,,,,,,,,,,,,
1772735858610,00019,,,,,,,,,,,,,
1772735858610,00020,,,,,,,,,,,,,
1772735858610,00021,,,,,,,,,,,,,
1772735858610,00022,,,,,,,,,,,,,
1772735858610,00023,,,,,,,,,,,,,
1772735858610,00024,,,,,,,,,,,,,
1772735858610,00025,,,,,,,,,,,,,
1772735858610,00026,,,,,,,,,,,,,
1772735858610,00027,,,,,,,,,,,,,
1772735858610,00028,,,,,,,,,,,,,
1772735858610,00029,,,,,,,,,,,,,
1772735858610,00030,,,,,,,,,,,,,
1772735858610,00017,,,,,,,,,,,,,
1772735858710,00001,,,,,,,,,,,,,
1772735858710,00002,,,,,,,,,,,,,
1772735858710,00003,,,,,,,,,,,,,
1772735858710,00004,,,,,,,,,,,,,
1772735858710,00005,,,,,,,,,,,,,
1772735858710,00006,,,,,,,,,,,,,
1772735858710,00007,,,,,,,,,,,,,
1772735858710,00008,,,,,,,,,,,,,
1772735858710,00009,,,,,,,,,,,,,
1772735858710,00010,,,,,,,,,,,,,
1772735858710,00011,,,,,,,,,,,,,
1772735858710,00012,,,,,,,,,,,,,
1772735858710,00013,,,,,,,,,,,,,
1772735858710,00014,,,,,,,,,,,,,
1772735858710,00015,,,,,,,,,,,,,
1772735858710,00016,,,,,,,,,,,,,
1772735858710,00018,,,,,,,,,,,,,
1772735858710,00019,,,,,,,,,,,,,
1772735858710,00020,,,,,,,,,,,,,
1772735858710,00021,,,,,,,,,,,,,
1772735858710,00022,,,,,,,,,,,,,
1772735858710,00023,,,,,,,,,,,,,
1772735858710,00024,,,,,,,,,,,,,
1772735858710,00025,,,,,,,,,,,,,
1772735858710,00026,,,,,,,,,,,,,
1772735858710,00027,,,,,,,,,,,,,
1772735858710,00028,,,,,,,,,,,,,
1772735858710,00029,,,,,,,,,,,,,
1772735858710,00030,,,,,,,,,,,,,
1772735858710,00017,,,,,,,,,,,,,
1772735858810,00001,,,,,,,,,,,,,
1772735858810,00002,,,,,,,,,,,,,
1772735858810,00003,,,,,,,,,,,,,
1772735858810,00004,,,,,,,,,,,,,
1772735858810,00005,,,,,,,,,,,,,
1772735858810,00006,,,,,,,,,,,,,
1772735858810,00007,,,,,,,,,,,,,
1772735858810,00008,,,,,,,,,,,,,
1772735858810,00009,,,,,,,,,,,,,
1772735858810,00010,,,,,,,,,,,,,
1772735858810,00011,,,,,,,,,,,,,
1772735858810,00012,,,,,,,,,,,,,
1772735858810,00013,,,,,,,,,,,,,
1772735858810,00014,,,,,,,,,,,,,
1772735858810,00015,,,,,,,,,,,,,
1772735858810,00016,,,,,,,,,,,,,
1772735858810,00018,,,,,,,,,,,,,
1772735858810,00019,,,,,,,,,,,,,
1772735858810,00020,,,,,,,,,,,,,
1772735858810,00021,,,,,,,,,,,,,
1772735858810,00022,,,,,,,,,,,,,
1772735858810,00023,,,,,,,,,,,,,
1772735858810,00024,,,,,,,,,,,,,
1772735858810,00025,,,,,,,,,,,,,
1772735858810,00026,,,,,,,,,,,,,
1772735858810,00027,,,,,,,,,,,,,
1772735858810,00028,,,,,,,,,,,,,
1772735858810,00029,,,,,,,,,,,,,
1772735858810,00030,,,,,,,,,,,,,
1772735858810,00017,,,,,,,,,,,,,
1772735858910,00001,,,,,,,,,,,,,
1772735858910,00002,,,,,,,,,,,,,
1772735858910,00003,,,,,,,,,,,,,
1772735858910,00004,,,,,,,,,,,,,
1772735858910,00005,,,,,,,,,,,,,
1772735858910,00006,,,,,,,,,,,,,
1772735858910,00007,,,,,,,,,,,,,
1772735858910,00008,,,,,,,,,,,,,
1772735858910,00009,,,,,,,,,,,,,
1772735858910,00010,,,,,,,,,,,,,
1772735858910,00011,,,,,,,,,,,,,
1772735858910,00012,,,,,,,,,,,,,
1772735858910,00013,,,,,,,,,,,,,
1772735858910,00014,,,,,,,,,,,,,
1772735858910,00015,,,,,,,,,,,,,
1772735858910,00016,,,,,,,,,,,,,
1772735858910,00018,,,,,,,,,,,,,
1772735858910,00019,,,,,,,,,,,,,
1772735858910,00020,,,,,,,,,,,,,
1772735858910,00021,,,,,,,,,,,,,
1772735858910,00022,,,,,,,,,,,,,
1772735858910,00023,,,,,,,,,,,,,
1772735858910,00024,,,,,,,,,,,,,
1772735858910,00025,,,,,,,,,,,,,
1772735858910,00026,,,,,,,,,,,,,
1772735858910,00027,,,,,,,,,,,,,
1772735858910,00028,,,,,,,,,,,,,
1772735858910,00029,,,,,,,,,,,,,
1772735858910,00030,,,,,,,,,,,,,
1772735858910,00017,,,,,,,,,,,,,
1772735859010,00001,,,,,,,,,,,,,
1772735859010,00002,,,,,,,,,,,,,
1772735859010,00003,,,,,,,,,,,,,
1772735859010,00004,,,,,,,,,,,,,
1772735859010,00005,,,,,,,,,,,,,
1772735859010,00006,,,,,,,,,,,,,
1772735859010,00007,,,,,,,,,,,,,
1772735859010,00008,,,,,,,,,,,,,
1772735859010,00009,,,,,,,,,,,,,
1772735859010,00010,,,,,,,,,,,,,
1772735859010,00011,,,,,,,,,,,,,
1772735859010,00012,,,,,,,,,,,,,
1772735859010,00013,,,,,,,,,,,,,
1772735859010,00014,,,,,,,,,,,,,
1772735859010,00015,,,,,,,,,,,,,
1772735859010,00016,,,,,,,,,,,,,
1772735859010,00018,,,,,,,,,,,,,
1772735859010,00019,,,,,,,,,,,,,
1772735859010,00020,,,,,,,,,,,,,
1772735859010,00021,,,,,,,,,,,,,
1772735859010,00022,,,,,,,,,,,,,
1772735859010,00023,,,,,,,,,,,,,
1772735859010,00024,,,,,,,,,,,,,
1772735859010,00025,,,,,,,,,,,,,
1772735859010,00026,,,,,,,,,,,,,
1772735859010,00027,,,,,,,,,,,,,
1772735859010,00028,,,,,,,,,,,,,
1772735859010,00029,,,,,,,,,,,,,
1772735859010,00030,,,,,,,,,,,,,
1772735859010,00017,,,,,,,,,,,,,
1772735859110,00001,,,,,,,,,,,,,
1772735859110,00002,,,,,,,,,,,,,
1772735859110,00003,,,,,,,,,,,,,
1772735859110,00004,,,,,,,,,,,,,
1772735859110,00005,,,,,,,,,,,,,
1772735859110,00006,,,,,,,,,,,,,
1772735859110,00007,,,,,,,,,,,,,
1772735859110,00008,,,,,,,,,,,,,
1772735859110,00009,,,,,,,,,,,,,
1772735859110,00010,,,,,,,,,,,,,
1772735859110,00011,,,,,,,,,,,,,
1772735859110,00012,,,,,,,,,,,,,
1772735859110,00013,,,,,,,,,,,,,
1772735859110,00014,,,,,,,,,,,,,
1772735859110,00015,,,,,,,,,,,,,
1772735859110,00016,,,,,,,,,,,,,
1772735859110,00018,,,,,,,,,,,,,
1772735859110,00019,,,,,,,,,,,,,
1772735859110,00020,,,,,,,,,,,,,
1772735859110,00021,,,,,,,,,,,,,
1772735859110,00022,,,,,,,,,,,,,
1772735859110,00023,,,,,,,,,,,,,
1772735859110,00024,,,,,,,,,,,,,
1772735859110,00025,,,,,,,,,,,,,
1772735859110,00026,,,,,,,,,,,,,
1772735859110,00027,,,,,,,,,,,,,
1772735859110,00028,,,,,,,,,,,,,
1772735859110,00029,,,,,,,,,,,,,
1772735859110,00030,,,,,,,,,,,,,
1772735859110,00017,,,,,,,,,,,,,
1772735859210,00001,,,,,,,,,,,,,
1772735859210,00002,,,,,,,,,,,,,
1772735859210,00003,,,,,,,,,,,,,
1772735859210,00004,,,,,,,,,,,,,
1772735859210,00005,,,,,,,,,,,,,
1772735859210,00006,,,,,,,,,,,,,
1772735859210,00007,,,,,,,,,,,,,
1772735859210,00008,,,,,,,,,,,,,
1772735859210,00009,,,,,,,,,,,,,
1772735859210,00010,,,,,,,,,,,,,
1772735859210,00011,,,,,,,,,,,,,
1772735859210,00012,,,,,,,,,,,,,
1772735859210,00013,,,,,,,,,,,,,
1772735859210,00014,,,,,,,,,,,,,
1772735859210,00015,,,,,,,,,,,,,
1772735859210,00016,,,,,,,,,,,,,
1772735859210,00018,,,,,,,,,,,,,
1772735859210,00019,,,,,,,,,,,,,
1772735859210,00020,,,,,,,,,,,,,
1772735859210,00021,,,,,,,,,,,,,
1772735859210,00022,,,,,,,,,,,,,
1772735859210,00023,,,,,,,,,,,,,
1772735859210,00024,,,,,,,,,,,,,
1772735859210,00025,,,,,,,,,,,,,
1772735859210,00026,,,,,,,,,,,,,
1772735859210,00027,,,,,,,,,,,,,
1772735859210,00028,,,,,,,,,,,,,
1772735859210,00029,,,,,,,,,,,,,
1772735859210,00030,,,,,,,,,,,,,
1772735859210,00017,,,,,,,,,,,,,
1772735859310,00001,,,,,,,,,,,,,
1772735859310,00002,,,,,,,,,,,,,
1772735859310,00003,,,,,,,,,,,,,
1772735859310,00004,,,,,,,,,,,,,
1772735859310,00005,,,,,,,,,,,,,
1772735859310,00006,,,,,,,,,,,,,
1772735859310,00007,,,,,,,,,,,,,
1772735859310,00008,,,,,,,,,,,,,
1772735859310,00009,,,,,,,,,,,,,
1772735859310,00010,,,,,,,,,,,,,
1772735859310,00011,,,,,,,,,,,,,
1772735859310,00012,,,,,,,,,,,,,
1772735859310,00013,,,,,,,,,,,,,
1772735859310,00014,,,,,,,,,,,,,
1772735859310,00015,,,,,,,,,,,,,
1772735859310,00016,,,,,,,,,,,,,
1772735859310,00018,,,,,,,,,,,,,
1772735859310,00019,,,,,,,,,,,,,
1772735859310,00020,,,,,,,,,,,,,
1772735859310,00021,,,,,,,,,,,,,
1772735859310,00022,,,,,,,,,,,,,
1772735859310,00023,,,,,,,,,,,,,
1772735859310,00024,,,,,,,,,,,,,
1772735859310,00025,,,,,,,,,,,,,
1772735859310,00026,,,,,,,,,,,,,
1772735859310,00027,,,,,,,,,,,,,
1772735859310,00028,,,,,,,,,,,,,
1772735859310,00029,,,,,,,,,,,,,
1772735859310,00030,,,,,,,,,,,,,
1772735859310,00017,,,,,,,,,,,,,
1772735859410,00001,,,,,,,,,,,,,
1772735859410,00002,,,,,,,,,,,,,
1772735859410,00003,,,,,,,,,,,,,
1772735859410,00004,,,,,,,,,,,,,
1772735859410,00005,,,,,,,,,,,,,
1772735859410,00006,,,,,,,,,,,,,
1772735859410,00007,,,,,,,,,,,,,
1772735859410,00008,,,,,,,,,,,,,
1772735859410,00009,,,,,,,,,,,,,
1772735859410,00010,,,,,,,,,,,,,
1772735859410,00011,,,,,,,,,,,,,
1772735859410,00012,,,,,,,,,,,,,
1772735859410,00013,,,,,,,,,,,,,
1772735859410,00014,,,,,,,,,,,,,
1772735859410,00015,,,,,,,,,,,,,
1772735859410,00016,,,,,,,,,,,,,
1772735859410,00018,,,,,,,,,,,,,
1772735859410,00019,,,,,,,,,,,,,
1772735859410,00020,,,,,,,,,,,,,
1772735859410,00021,,,,,,,,,,,,,
1772735859410,00022,,,,,,,,,,,,,
1772735859410,00023,,,,,,,,,,,,,
1772735859410,00024,,,,,,,,,,,,,
1772735859410,00025,,,,,,,,,,,,,
1772735859410,00026,,,,,,,,,,,,,
1772735859410,00027,,,,,,,,,,,,,
1772735859410,00028,,,,,,,,,,,,,
1772735859410,00029,,,,,,,,,,,,,
1772735859410,00030,,,,,,,,,,,,,
1772735859410,00017,,,,,,,,,,,,,
1772735859510,00001,,,,,,,,,,,,,
1772735859510,00002,,,,,,,,,,,,,
1772735859510,00003,,,,,,,,,,,,,
1772735859510,00004,,,,,,,,,,,,,
1772735859510,00005,,,,,,,,,,,,,
1772735859510,00006,,,,,,,,,,,,,
1772735859510,00007,,,,,,,,,,,,,
1772735859510,00008,,,,,,,,,,,,,
1772735859510,00009,,,,,,,,,,,,,
1772735859510,00010,,,,,,,,,,,,,
1772735859510,00011,,,,,,,,,,,,,
1772735859510,00012,,,,,,,,,,,,,
1772735859510,00013,,,,,,,,,,,,,
1772735859510,00014,,,,,,,,,,,,,
1772735859510,00015,,,,,,,,,,,,,
1772735859510,00016,,,,,,,,,,,,,
1772735859510,00018,,,,,,,,,,,,,
1772735859510,00019,,,,,,,,,,,,,
1772735859510,00020,,,,,,,,,,,,,
1772735859510,00021,,,,,,,,,,,,,
1772735859510,00022,,,,,,,,,,,,,
1772735859510,00023,,,,,,,,,,,,,
1772735859510,00024,,,,,,,,,,,,,
1772735859510,00025,,,,,,,,,,,,,
1772735859510,00026,,,,,,,,,,,,,
1772735859510,00027,,,,,,,,,,,,,
1772735859510,00028,,,,,,,,,,,,,
1772735859510,00029,,,,,,,,,,,,,
1772735859510,00030,,,,,,,,,,,,,
1772735859510,00017,,,,,,,,,,,,,
1772735859610,00001,,,,,,,,,,,,,
1772735859610,00002,,,,,,,,,,,,,
1772735859610,00003,,,,,,,,,,,,,
1772735859610,00004,,,,,,,,,,,,,
1772735859610,00005,,,,,,,,,,,,,
1772735859610,00006,,,,,,,,,,,,,
1772735859610,00007,,,,,,,,,,,,,
1772735859610,00008,,,,,,,,,,,,,
1772735859610,00009,,,,,,,,,,,,,
1772735859610,00010,,,,,,,,,,,,,
1772735859610,00011,,,,,,,,,,,,,
1772735859610,00012,,,,,,,,,,,,,
1772735859610,00013,,,,,,,,,,,,,
1772735859610,00014,,,,,,,,,,,,,
1772735859610,00015,,,,,,,,,,,,,
1772735859610,00016,,,,,,,,,,,,,
1772735859610,00018,,,,,,,,,,,,,
1772735859610,00019,,,,,,,,,,,,,
1772735859610,00020,,,,,,,,,,,,,
1772735859610,00021,,,,,,,,,,,,,
1772735859610,00022,,,,,,,,,,,,,
1772735859610,00023,,,,,,,,,,,,,
1772735859610,00024,,,,,,,,,,,,,
1772735859610,00025,,,,,,,,,,,,,
1772735859610,00026,,,,,,,,,,,,,
1772735859610,00027,,,,,,,,,,,,,
1772735859610,00028,,,,,,,,,,,,,
1772735859610,00029,,,,,,,,,,,,,
1772735859610,00030,,,,,,,,,,,,,
1772735859610,00017,,,,,,,,,,,,,
1772735859710,00001,,,,,,,,,,,,,
1772735859710,00002,,,,,,,,,,,,,
1772735859710,00003,,,,,,,,,,,,,
1772735859710,00004,,,,,,,,,,,,,
1772735859710,00005,,,,,,,,,,,,,
1772735859710,00006,,,,,,,,,,,,,
1772735859710,00007,,,,,,,,,,,,,
1772735859710,00008,,,,,,,,,,,,,
1772735859710,00009,,,,,,,,,,,,,
1772735859710,00010,,,,,,,,,,,,,
1772735859710,00011,,,,,,,,,,,,,
1772735859710,00012,,,,,,,,,,,,,
1772735859710,00013,,,,,,,,,,,,,
1772735859710,00014,,,,,,,,,,,,,
1772735859710,00015,,,,,,,,,,,,,
1772735859710,00016,,,,,,,,,,,,,
1772735859710,00018,,,,,,,,,,,,,
1772735859710,00019,,,,,,,,,,,,,
1772735859710,00020,,,,,,,,,,,,,
1772735859710,00021,,,,,,,,,,,,,
1772735859710,00022,,,,,,,,,,,,,
1772735859710,00023,,,,,,,,,,,,,
1772735859710,00024,,,,,,,,,,,,,
1772735859710,00025,,,,,,,,,,,,,
1772735859710,00026,,,,,,,,,,,,,
1772735859710,00027,,,,,,,,,,,,,
1772735859710,00028,,,,,,,,,,,,,
1772735859710,00029,,,,,,,,,,,,,
1772735859710,00030,,,,,,,,,,,,,
1772735859710,00017,,,,,,,,,,,,,
1772735859810,00001,,,,,,,,,,,,,
1772735859810,00002,,,,,,,,,,,,,
1772735859810,00003,,,,,,,,,,,,,
1772735859810,00004,,,,,,,,,,,,,
1772735859810,00005,,,,,,,,,,,,,
1772735859810,00006,,,,,,,,,,,,,
1772735859810,00007,,,,,,,,,,,,,
1772735859810,00008,,,,,,,,,,,,,
1772735859810,00009,,,,,,,,,,,,,
1772735859810,00010,,,,,,,,,,,,,
1772735859810,00011,,,,,,,,,,,,,
1772735859810,00012,,,,,,,,,,,,,
1772735859810,00013,,,,,,,,,,,,,
1772735859810,00014,,,,,,,,,,,,,
1772735859810,00015,,,,,,,,,,,,,
1772735859810,00016,,,,,,,,,,,,,
1772735859810,00018,,,,,,,,,,,,,
1772735859810,00019,,,,,,,,,,,,,
1772735859810,00020,,,,,,,,,,,,,
1772735859810,00021,,,,,,,,,,,,,
1772735859810,00022,,,,,,,,,,,,,
1772735859810,00023,,,,,,,,,,,,,
1772735859810,00024,,,,,,,,,,,,,
1772735859810,00025,,,,,,,,,,,,,
1772735859810,00026,,,,,,,,,,,,,
1772735859810,00027,,,,,,,,,,,,,
1772735859810,00028,,,,,,,,,,,,,
1772735859810,00029,,,,,,,,,,,,,
1772735859810,00030,,,,,,,,,,,,,
1772735859810,00017,,,,,,,,,,,,,
1772735859910,00001,,,,,,,,,,,,,
1772735859910,00002,,,,,,,,,,,,,
1772735859910,00003,,,,,,,,,,,,,
1772735859910,00004,,,,,,,,,,,,,
1772735859910,00005,,,,,,,,,,,,,
1772735859910,00006,,,,,,,,,,,,,
1772735859910,00007,,,,,,,,,,,,,
1772735859910,00008,,,,,,,,,,,,,
1772735859910,00009,,,,,,,,,,,,,
1772735859910,00010,,,,,,,,,,,,,
1772735859910,00011,,,,,,,,,,,,,
1772735859910,00012,,,,,,,,,,,,,
1772735859910,00013,,,,,,,,,,,,,
1772735859910,00014,,,,,,,,,,,,,
1772735859910,00015,,,,,,,,,,,,,
1772735859910,00016,,,,,,,,,,,,,
1772735859910,00018,,,,,,,,,,,,,
1772735859910,00019,,,,,,,,,,,,,
1772735859910,00020,,,,,,,,,,,,,
1772735859910,00021,,,,,,,,,,,,,
1772735859910,00022,,,,,,,,,,,,,
1772735859910,00023,,,,,,,,,,,,,
1772735859910,00024,,,,,,,,,,,,,
1772735859910,00025,,,,,,,,,,,,,
1772735859910,00026,,,,,,,,,,,,,
1772735859910,00027,,,,,,,,,,,,,
1772735859910,00028,,,,,,,,,,,,,
1772735859910,00029,,,,,,,,,,,,,
1772735859910,00030,,,,,,,,,,,,,
1772735859910,00017,,,,,,,,,,,,,
1772735860010,00001,,,,,,,,,,,,,
1772735860010,00002,,,,,,,,,,,,,
1772735860010,00003,,,,,,,,,,,,,
1772735860010,00004,,,,,,,,,,,,,
1772735860010,00005,,,,,,,,,,,,,
1772735860010,00006,,,,,,,,,,,,,
1772735860010,00007,,,,,,,,,,,,,
1772735860010,00008,,,,,,,,,,,,,
1772735860010,00009,,,,,,,,,,,,,
1772735860010,00010,,,,,,,,,,,,,
1772735860010,00011,,,,,,,,,,,,,
1772735860010,00012,,,,,,,,,,,,,
1772735860010,00013,,,,,,,,,,,,,
1772735860010,00014,,,,,,,,,,,,,
1772735860010,00015,,,,,,,,,,,,,
1772735860010,00016,,,,,,,,,,,,,
1772735860010,00018,,,,,,,,,,,,,
1772735860010,00019,,,,,,,,,,,,,
1772735860010,00020,,,,,,,,,,,,,
1772735860010,00021,,,,,,,,,,,,,
1772735860010,00022,,,,,,,,,,,,,
1772735860010,00023,,,,,,,,,,,,,
1772735860010,00024,,,,,,,,,,,,,
1772735860010,00025,,,,,,,,,,,,,
1772735860010,00026,,,,,,,,,,,,,
1772735860010,00027,,,,,,,,,,,,,
1772735860010,00028,,,,,,,,,,,,,
1772735860010,00029,,,,,,,,,,,,,
1772735860010,00030,,,,,,,,,,,,,
1772735860010,00017,,,,,,,,,,,,,
1772735860110,00001,,,,,,,,,,,,,
1772735860110,00002,,,,,,,,,,,,,
1772735860110,00003,,,,,,,,,,,,,
1772735860110,00004,,,,,,,,,,,,,
1772735860110,00005,,,,,,,,,,,,,
1772735860110,00006,,,,,,,,,,,,,
1772735860110,00007,,,,,,,,,,,,,
1772735860110,00008,,,,,,,,,,,,,
1772735860110,00009,,,,,,,,,,,,,
1772735860110,00010,,,,,,,,,,,,,
1772735860110,00011,,,,,,,,,,,,,
1772735860110,00012,,,,,,,,,,,,,
1772735860110,00013,,,,,,,,,,,,,
1772735860110,00014,,,,,,,,,,,,,
1772735860110,00015,,,,,,,,,,,,,
1772735860110,00016,,,,,,,,,,,,,
1772735860110,00018,,,,,,,,,,,,,
1772735860110,00019,,,,,,,,,,,,,
1772735860110,00020,,,,,,,,,,,,,
1772735860110,00021,,,,,,,,,,,,,
1772735860110,00022,,,,,,,,,,,,,
1772735860110,00023,,,,,,,,,,,,,
1772735860110,00024,,,,,,,,,,,,,
1772735860110,00025,,,,,,,,,,,,,
1772735860110,00026,,,,,,,,,,,,,
1772735860110,00027,,,,,,,,,,,,,
1772735860110,00028,,,,,,,,,,,,,
1772735860110,00029,,,,,,,,,,,,,
1772735860110,00030,,,,,,,,,,,,,
1772735860110,00017,,,,,,,,,,,,,
1772735860210,00001,,,,,,,,,,,,,
1772735860210,00002,,,,,,,,,,,,,
1772735860210,00003,,,,,,,,,,,,,
1772735860210,00004,,,,,,,,,,,,,
1772735860210,00005,,,,,,,,,,,,,
1772735860210,00006,,,,,,,,,,,,,
1772735860210,00007,,,,,,,,,,,,,
1772735860210,00008,,,,,,,,,,,,,
1772735860210,00009,,,,,,,,,,,,,
1772735860210,00010,,,,,,,,,,,,,
1772735860210,00011,,,,,,,,,,,,,
1772735860210,00012,,,,,,,,,,,,,
1772735860210,00013,,,,,,,,,,,,,
1772735860210,00014,,,,,,,,,,,,,
1772735860210,00015,,,,,,,,,,,,,
1772735860210,00016,,,,,,,,,,,,,
1772735860210,00018,,,,,,,,,,,,,
1772735860210,00019,,,,,,,,,,,,,
1772735860210,00020,,,,,,,,,,,,,
1772735860210,00021,,,,,,,,,,,,,
1772735860210,00022,,,,,,,,,,,,,
1772735860210,00023,,,,,,,,,,,,,
1772735860210,00024,,,,,,,,,,,,,
1772735860210,00025,,,,,,,,,,,,,
1772735860210,00026,,,,,,,,,,,,,
1772735860210,00027,,,,,,,,,,,,,
1772735860210,00028,,,,,,,,,,,,,
1772735860210,00029,,,,,,,,,,,,,
1772735860210,00030,,,,,,,,,,,,,
1772735860210,00017,,,,,,,,,,,,,
1772735860310,00001,,,,,,,,,,,,,
1772735860310,00002,,,,,,,,,,,,,
1772735860310,00003,,,,,,,,,,,,,
1772735860310,00004,,,,,,,,,,,,,
1772735860310,00005,,,,,,,,,,,,,
1772735860310,00006,,,,,,,,,,,,,
1772735860310,00007,,,,,,,,,,,,,
1772735860310,00008,,,,,,,,,,,,,
1772735860310,00009,,,,,,,,,,,,,
1772735860310,00010,,,,,,,,,,,,,
1772735860310,00011,,,,,,,,,,,,,
1772735860310,00012,,,,,,,,,,,,,
1772735860310,00013,,,,,,,,,,,,,
1772735860310,00014,,,,,,,,,,,,,
1772735860310,00015,,,,,,,,,,,,,
1772735860310,00016,,,,,,,,,,,,,
1772735860310,00018,,,,,,,,,,,,,
1772735860310,00019,,,,,,,,,,,,,
1772735860310,00020,,,,,,,,,,,,,
1772735860310,00021,,,,,,,,,,,,,
1772735860310,00022,,,,,,,,,,,,,
1772735860310,00023,,,,,,,,,,,,,
1772735860310,00024,,,,,,,,,,,,,
1772735860310,00025,,,,,,,,,,,,,
1772735860310,00026,,,,,,,,,,,,,
1772735860310,00027,,,,,,,,,,,,,
1772735860310,00028,,,,,,,,,,,,,
1772735860310,00029,,,,,,,,,,,,,
1772735860310,00030,,,,,,,,,,,,,
1772735860310,00017,,,,,,,,,,,,,
1772735860410,00001,,,,,,,,,,,,,
1772735860410,00002,,,,,,,,,,,,,
1772735860410,00003,,,,,,,,,,,,,
1772735860410,00004,,,,,,,,,,,,,
1772735860410,00005,,,,,,,,,,,,,
1772735860410,00006,,,,,,,,,,,,,
1772735860410,00007,,,,,,,,,,,,,
1772735860410,00008,,,,,,,,,,,,,
1772735860410,00009,,,,,,,,,,,,,
1772735860410,00010,,,,,,,,,,,,,
1772735860410,00011,,,,,,,,,,,,,
1772735860410,00012,,,,,,,,,,,,,
1772735860410,00013,,,,,,,,,,,,,
1772735860410,00014,,,,,,,,,,,,,
1772735860410,00015,,,,,,,,,,,,,
1772735860410,00016,,,,,,,,,,,,,
1772735860410,00018,,,,,,,,,,,,,
1772735860410,00019,,,,,,,,,,,,,
1772735860410,00020,,,,,,,,,,,,,
1772735860410,00021,,,,,,,,,,,,,
1772735860410,00022,,,,,,,,,,,,,
1772735860410,00023,,,,,,,,,,,,,
1772735860410,00024,,,,,,,,,,,,,
1772735860410,00025,,,,,,,,,,,,,
1772735860410,00026,,,,,,,,,,,,,
1772735860410,00027,,,,,,,,,,,,,
1772735860410,00028,,,,,,,,,,,,,
1772735860410,00029,,,,,,,,,,,,,
1772735860410,00030,,,,,,,,,,,,,
1772735860410,00017,,,,,,,,,,,,,
1772735860510,00001,,,,,,,,,,,,,
1772735860510,00002,,,,,,,,,,,,,
1772735860510,00003,,,,,,,,,,,,,
1772735860510,00004,,,,,,,,,,,,,
1772735860510,00005,,,,,,,,,,,,,
1772735860510,00006,,,,,,,,,,,,,
1772735860510,00007,,,,,,,,,,,,,
1772735860510,00008,,,,,,,,,,,,,
1772735860510,00009,,,,,,,,,,,,,
1772735860510,00010,,,,,,,,,,,,,
1772735860510,00011,,,,,,,,,,,,,
1772735860510,00012,,,,,,,,,,,,,
1772735860510,00013,,,,,,,,,,,,,
1772735860510,00014,,,,,,,,,,,,,
1772735860510,00015,,,,,,,,,,,,,
1772735860510,00016,,,,,,,,,,,,,
1772735860510,00018,,,,,,,,,,,,,
1772735860510,00019,,,,,,,,,,,,,
1772735860510,00020,,,,,,,,,,,,,
1772735860510,00021,,,,,,,,,,,,,
1772735860510,00022,,,,,,,,,,,,,
1772735860510,00023,,,,,,,,,,,,,
1772735860510,00024,,,,,,,,,,,,,
1772735860510,00025,,,,,,,,,,,,,
1772735860510,00026,,,,,,,,,,,,,
1772735860510,00027,,,,,,,,,,,,,
1772735860510,00028,,,,,,,,,,,,,
1772735860510,00029,,,,,,,,,,,,,
1772735860510,00030,,,,,,,,,,,,,
1772735860510,00017,,,,,,,,,,,,,
1772735860610,00001,,,,,,,,,,,,,
1772735860610,00002,,,,,,,,,,,,,
1772735860610,00003,,,,,,,,,,,,,
1772735860610,00004,,,,,,,,,,,,,
1772735860610,00005,,,,,,,,,,,,,
1772735860610,00006,,,,,,,,,,,,,
1772735860610,00007,,,,,,,,,,,,,
1772735860610,00008,,,,,,,,,,,,,
1772735860610,00009,,,,,,,,,,,,,
1772735860610,00010,,,,,,,,,,,,,
1772735860610,00011,,,,,,,,,,,,,
1772735860610,00012,,,,,,,,,,,,,
1772735860610,00013,,,,,,,,,,,,,
1772735860610,00014,,,,,,,,,,,,,
1772735860610,00015,,,,,,,,,,,,,
1772735860610,00016,,,,,,,,,,,,,
1772735860610,00018,,,,,,,,,,,,,
1772735860610,00019,,,,,,,,,,,,,
1772735860610,00020,,,,,,,,,,,,,
1772735860610,00021,,,,,,,,,,,,,
1772735860610,00022,,,,,,,,,,,,,
1772735860610,00023,,,,,,,,,,,,,
1772735860610,00024,,,,,,,,,,,,,
1772735860610,00025,,,,,,,,,,,,,
1772735860610,00026,,,,,,,,,,,,,
1772735860610,00027,,,,,,,,,,,,,
1772735860610,00028,,,,,,,,,,,,,
1772735860610,00029,,,,,,,,,,,,,
1772735860610,00030,,,,,,,,,,,,,
1772735860610,00017,,,,,,,,,,,,,
1772735860710,00001,,,,,,,,,,,,,
1772735860710,00002,,,,,,,,,,,,,
1772735860710,00003,,,,,,,,,,,,,
1772735860710,00004,,,,,,,,,,,,,
1772735860710,00005,,,,,,,,,,,,,
1772735860710,00006,,,,,,,,,,,,,
1772735860710,00007,,,,,,,,,,,,,
1772735860710,00008,,,,,,,,,,,,,
1772735860710,00009,,,,,,,,,,,,,
1772735860710,00010,,,,,,,,,,,,,
1772735860710,00011,,,,,,,,,,,,,
1772735860710,00012,,,,,,,,,,,,,
1772735860710,00013,,,,,,,,,,,,,
1772735860710,00014,,,,,,,,,,,,,
1772735860710,00015,,,,,,,,,,,,,
1772735860710,00016,,,,,,,,,,,,,
1772735860710,00018,,,,,,,,,,,,,
1772735860710,00019,,,,,,,,,,,,,
1772735860710,00020,,,,,,,,,,,,,
1772735860710,00021,,,,,,,,,,,,,
1772735860710,00022,,,,,,,,,,,,,
1772735860710,00023,,,,,,,,,,,,,
1772735860710,00024,,,,,,,,,,,,,
1772735860710,00025,,,,,,,,,,,,,
1772735860710,00026,,,,,,,,,,,,,
1772735860710,00027,,,,,,,,,,,,,
1772735860710,00028,,,,,,,,,,,,,
1772735860710,00029,,,,,,,,,,,,,
1772735860710,00030,,,,,,,,,,,,,
1772735860710,00017,,,,,,,,,,,,,
1772735860810,00001,,,,,,,,,,,,,
1772735860810,00002,,,,,,,,,,,,,
1772735860810,00003,,,,,,,,,,,,,
1772735860810,00004,,,,,,,,,,,,,
1772735860810,00005,,,,,,,,,,,,,
1772735860810,00006,,,,,,,,,,,,,
1772735860810,00007,,,,,,,,,,,,,
1772735860810,00008,,,,,,,,,,,,,
1772735860810,00009,,,,,,,,,,,,,
1772735860810,00010,,,,,,,,,,,,,
1772735860810,00011,,,,,,,,,,,,,
1772735860810,00012,,,,,,,,,,,,,
1772735860810,00013,,,,,,,,,,,,,
1772735860810,00014,,,,,,,,,,,,,
1772735860810,00015,,,,,,,,,,,,,
1772735860810,00016,,,,,,,,,,,,,
1772735860810,00018,,,,,,,,,,,,,
1772735860810,00019,,,,,,,,,,,,,
1772735860810,00020,,,,,,,,,,,,,
1772735860810,00021,,,,,,,,,,,,,
1772735860810,00022,,,,,,,,,,,,,
1772735860810,00023,,,,,,,,,,,,,
1772735860810,00024,,,,,,,,,,,,,
1772735860810,00025,,,,,,,,,,,,,
1772735860810,00026,,,,,,,,,,,,,
1772735860810,00027,,,,,,,,,,,,,
1772735860810,00028,,,,,,,,,,,,,
1772735860810,00029,,,,,,,,,,,,,
1772735860810,00030,,,,,,,,,,,,,
1772735860810,00017,,,,,,,,,,,,,
1772735860910,00001,,,,,,,,,,,,,
1772735860910,00002,,,,,,,,,,,,,
1772735860910,00003,,,,,,,,,,,,,
1772735860910,00004,,,,,,,,,,,,,
1772735860910,00005,,,,,,,,,,,,,
1772735860910,00006,,,,,,,,,,,,,
1772735860910,00007,,,,,,,,,,,,,
1772735860910,00008,,,,,,,,,,,,,
1772735860910,00009,,,,,,,,,,,,,
1772735860910,00010,,,,,,,,,,,,,
1772735860910,00011,,,,,,,,,,,,,
1772735860910,00012,,,,,,,,,,,,,
1772735860910,00013,,,,,,,,,,,,,
1772735860910,00014,,,,,,,,,,,,,
1772735860910,00015,,,,,,,,,,,,,
1772735860910,00016,,,,,,,,,,,,,
1772735860910,00018,,,,,,,,,,,,,
1772735860910,00019,,,,,,,,,,,,,
1772735860910,00020,,,,,,,,,,,,,
1772735860910,00021,,,,,,,,,,,,,
1772735860910,00022,,,,,,,,,,,,,
1772735860910,00023,,,,,,,,,,,,,
1772735860910,00024,,,,,,,,,,,,,
1772735860910,00025,,,,,,,,,,,,,
1772735860910,00026,,,,,,,,,,,,,
1772735860910,00027,,,,,,,,,,,,,
1772735860910,00028,,,,,,,,,,,,,
1772735860910,00029,,,,,,,,,,,,,
1772735860910,00030,,,,,,,,,,,,,
1772735860910,00017,,,,,,,,,,,,,
1772735861010,00001,,,,,,,,,,,,,
1772735861010,00002,,,,,,,,,,,,,
1772735861010,00003,,,,,,,,,,,,,
1772735861010,00004,,,,,,,,,,,,,
1772735861010,00005,,,,,,,,,,,,,
1772735861010,00006,,,,,,,,,,,,,
1772735861010,00007,,,,,,,,,,,,,
1772735861010,00008,,,,,,,,,,,,,
1772735861010,00009,,,,,,,,,,,,,
1772735861010,00010,,,,,,,,,,,,,
1772735861010,00011,,,,,,,,,,,,,
1772735861010,00012,,,,,,,,,,,,,
1772735861010,00013,,,,,,,,,,,,,
1772735861010,00014,,,,,,,,,,,,,
1772735861010,00015,,,,,,,,,,,,,
1772735861010,00016,,,,,,,,,,,,,
1772735861010,00018,,,,,,,,,,,,,
1772735861010,00019,,,,,,,,,,,,,
1772735861010,00020,,,,,,,,,,,,,
1772735861010,00021,,,,,,,,,,,,,
1772735861010,00022,,,,,,,,,,,,,
1772735861010,00023,,,,,,,,,,,,,
1772735861010,00024,,,,,,,,,,,,,
1772735861010,00025,,,,,,,,,,,,,
1772735861010,00026,,,,,,,,,,,,,
1772735861010,00027,,,,,,,,,,,,,
1772735861010,00028,,,,,,,,,,,,,
1772735861010,00029,,,,,,,,,,,,,
1772735861010,00030,,,,,,,,,,,,,
1772735861010,00017,,,,,,,,,,,,,
1772735861110,00001,,,,,,,,,,,,,
1772735861110,00002,,,,,,,,,,,,,
1772735861110,00003,,,,,,,,,,,,,
1772735861110,00004,,,,,,,,,,,,,
1772735861110,00005,,,,,,,,,,,,,
1772735861110,00006,,,,,,,,,,,,,
1772735861110,00007,,,,,,,,,,,,,
1772735861110,00008,,,,,,,,,,,,,
1772735861110,00009,,,,,,,,,,,,,
1772735861110,00010,,,,,,,,,,,,,
1772735861110,00011,,,,,,,,,,,,,
1772735861110,00012,,,,,,,,,,,,,
1772735861110,00013,,,,,,,,,,,,,
1772735861110,00014,,,,,,,,,,,,,
1772735861110,00015,,,,,,,,,,,,,
1772735861110,00016,,,,,,,,,,,,,
1772735861110,00018,,,,,,,,,,,,,
1772735861110,00019,,,,,,,,,,,,,
1772735861110,00020,,,,,,,,,,,,,
1772735861110,00021,,,,,,,,,,,,,
1772735861110,00022,,,,,,,,,,,,,
1772735861110,00023,,,,,,,,,,,,,
1772735861110,00024,,,,,,,,,,,,,
1772735861110,00025,,,,,,,,,,,,,
1772735861110,00026,,,,,,,,,,,,,
1772735861110,00027,,,,,,,,,,,,,
1772735861110,00028,,,,,,,,,,,,,
1772735861110,00029,,,,,,,,,,,,,
1772735861110,00030,,,,,,,,,,,,,
1772735861110,00017,,,,,,,,,,,,,
1772735861210,00001,,,,,,,,,,,,,
1772735861210,00002,,,,,,,,,,,,,
1772735861210,00003,,,,,,,,,,,,,
1772735861210,00004,,,,,,,,,,,,,
1772735861210,00005,,,,,,,,,,,,,
1772735861210,00006,,,,,,,,,,,,,
1772735861210,00007,,,,,,,,,,,,,
1772735861210,00008,,,,,,,,,,,,,
1772735861210,00009,,,,,,,,,,,,,
1772735861210,00010,,,,,,,,,,,,,
1772735861210,00011,,,,,,,,,,,,,
1772735861210,00012,,,,,,,,,,,,,
1772735861210,00013,,,,,,,,,,,,,
1772735861210,00014,,,,,,,,,,,,,
1772735861210,00015,,,,,,,,,,,,,
1772735861210,00016,,,,,,,,,,,,,
1772735861210,00018,,,,,,,,,,,,,
1772735861210,00019,,,,,,,,,,,,,
1772735861210,00020,,,,,,,,,,,,,
1772735861210,00021,,,,,,,,,,,,,
1772735861210,00022,,,,,,,,,,,,,
1772735861210,00023,,,,,,,,,,,,,
1772735861210,00024,,,,,,,,,,,,,
1772735861210,00025,,,,,,,,,,,,,
1772735861210,00026,,,,,,,,,,,,,
1772735861210,00027,,,,,,,,,,,,,
1772735861210,00028,,,,,,,,,,,,,
1772735861210,00029,,,,,,,,,,,,,
1772735861210,00030,,,,,,,,,,,,,
1772735861210,00017,,,,,,,,,,,,,
1772735861310,00001,,,,,,,,,,,,,
1772735861310,00002,,,,,,,,,,,,,
1772735861310,00003,,,,,,,,,,,,,
1772735861310,00004,,,,,,,,,,,,,
1772735861310,00005,,,,,,,,,,,,,
1772735861310,00006,,,,,,,,,,,,,
1772735861310,00007,,,,,,,,,,,,,
1772735861310,00008,,,,,,,,,,,,,
1772735861310,00009,,,,,,,,,,,,,
1772735861310,00010,,,,,,,,,,,,,
1772735861310,00011,,,,,,,,,,,,,
1772735861310,00012,,,,,,,,,,,,,
1772735861310,00013,,,,,,,,,,,,,
1772735861310,00014,,,,,,,,,,,,,
1772735861310,00015,,,,,,,,,,,,,
1772735861310,00016,,,,,,,,,,,,,
1772735861310,00018,,,,,,,,,,,,,
1772735861310,00019,,,,,,,,,,,,,
1772735861310,00020,,,,,,,,,,,,,
1772735861310,00021,,,,,,,,,,,,,
1772735861310,00022,,,,,,,,,,,,,
1772735861310,00023,,,,,,,,,,,,,
1772735861310,00024,,,,,,,,,,,,,
1772735861310,00025,,,,,,,,,,,,,
1772735861310,00026,,,,,,,,,,,,,
1772735861310,00027,,,,,,,,,,,,,
1772735861310,00028,,,,,,,,,,,,,
1772735861310,00029,,,,,,,,,,,,,
1772735861310,00030,,,,,,,,,,,,,
1772735861310,00017,,,,,,,,,,,,,
1772735861410,00001,,,,,,,,,,,,,
1772735861410,00002,,,,,,,,,,,,,
1772735861410,00003,,,,,,,,,,,,,
1772735861410,00004,,,,,,,,,,,,,
1772735861410,00005,,,,,,,,,,,,,
1772735861410,00006,,,,,,,,,,,,,
1772735861410,00007,,,,,,,,,,,,,
1772735861410,00008,,,,,,,,,,,,,
1772735861410,00009,,,,,,,,,,,,,
1772735861410,00010,,,,,,,,,,,,,
1772735861410,00011,,,,,,,,,,,,,
1772735861410,00012,,,,,,,,,,,,,
1772735861410,00013,,,,,,,,,,,,,
1772735861410,00014,,,,,,,,,,,,,
1772735861410,00015,,,,,,,,,,,,,
1772735861410,00016,,,,,,,,,,,,,
1772735861410,00018,,,,,,,,,,,,,
1772735861410,00019,,,,,,,,,,,,,
1772735861410,00020,,,,,,,,,,,,,
1772735861410,00021,,,,,,,,,,,,,
1772735861410,00022,,,,,,,,,,,,,
1772735861410,00023,,,,,,,,,,,,,
1772735861410,00024,,,,,,,,,,,,,
1772735861410,00025,,,,,,,,,,,,,
1772735861410,00026,,,,,,,,,,,,,
1772735861410,00027,,,,,,,,,,,,,
1772735861410,00028,,,,,,,,,,,,,
1772735861410,00029,,,,,,,,,,,,,
1772735861410,00030,,,,,,,,,,,,,
1772735861410,00017,,,,,,,,,,,,,
1772735861510,00001,,,,,,,,,,,,,
1772735861510,00002,,,,,,,,,,,,,
1772735861510,00003,,,,,,,,,,,,,
1772735861510,00004,,,,,,,,,,,,,
1772735861510,00005,,,,,,,,,,,,,
1772735861510,00006,,,,,,,,,,,,,
1772735861510,00007,,,,,,,,,,,,,
1772735861510,00008,,,,,,,,,,,,,
1772735861510,00009,,,,,,,,,,,,,
1772735861510,00010,,,,,,,,,,,,,
1772735861510,00011,,,,,,,,,,,,,
1772735861510,00012,,,,,,,,,,,,,
1772735861510,00013,,,,,,,,,,,,,
1772735861510,00014,,,,,,,,,,,,,
1772735861510,00015,,,,,,,,,,,,,
1772735861510,00016,,,,,,,,,,,,,
1772735861510,00018,,,,,,,,,,,,,
1772735861510,00019,,,,,,,,,,,,,
1772735861510,00020,,,,,,,,,,,,,
1772735861510,00021,,,,,,,,,,,,,
1772735861510,00022,,,,,,,,,,,,,
1772735861510,00023,,,,,,,,,,,,,
1772735861510,00024,,,,,,,,,,,,,
1772735861510,00025,,,,,,,,,,,,,
1772735861510,00026,,,,,,,,,,,,,
1772735861510,00027,,,,,,,,,,,,,
1772735861510,00028,,,,,,,,,,,,,
1772735861510,00029,,,,,,,,,,,,,
1772735861510,00030,,,,,,,,,,,,,
1772735861510,00017,,,,,,,,,,,,,
1772735861610,00001,,,,,,,,,,,,,
1772735861610,00002,,,,,,,,,,,,,
1772735861610,00003,,,,,,,,,,,,,
1772735861610,00004,,,,,,,,,,,,,
1772735861610,00005,,,,,,,,,,,,,
1772735861610,00006,,,,,,,,,,,,,
1772735861610,00007,,,,,,,,,,,,,
1772735861610,00008,,,,,,,,,,,,,
1772735861610,00009,,,,,,,,,,,,,
1772735861610,00010,,,,,,,,,,,,,
1772735861610,00011,,,,,,,,,,,,,
1772735861610,00012,,,,,,,,,,,,,
1772735861610,00013,,,,,,,,,,,,,
1772735861610,00014,,,,,,,,,,,,,
1772735861610,00015,,,,,,,,,,,,,
1772735861610,00016,,,,,,,,,,,,,
1772735861610,00018,,,,,,,,,,,,,
1772735861610,00019,,,,,,,,,,,,,
1772735861610,00020,,,,,,,,,,,,,
1772735861610,00021,,,,,,,,,,,,,
1772735861610,00022,,,,,,,,,,,,,
1772735861610,00023,,,,,,,,,,,,,
1772735861610,00024,,,,,,,,,,,,,
1772735861610,00025,,,,,,,,,,,,,
1772735861610,00026,,,,,,,,,,,,,
1772735861610,00027,,,,,,,,,,,,,
1772735861610,00028,,,,,,,,,,,,,
1772735861610,00029,,,,,,,,,,,,,
1772735861610,00030,,,,,,,,,,,,,
1772735861610,00017,,,,,,,,,,,,,
1772735861710,00001,,,,,,,,,,,,,
1772735861710,00002,,,,,,,,,,,,,
1772735861710,00003,,,,,,,,,,,,,
1772735861710,00004,,,,,,,,,,,,,
1772735861710,00005,,,,,,,,,,,,,
1772735861710,00006,,,,,,,,,,,,,
1772735861710,00007,,,,,,,,,,,,,
1772735861710,00008,,,,,,,,,,,,,
1772735861710,00009,,,,,,,,,,,,,
1772735861710,00010,,,,,,,,,,,,,
1772735861710,00011,,,,,,,,,,,,,
1772735861710,00012,,,,,,,,,,,,,
1772735861710,00013,,,,,,,,,,,,,
1772735861710,00014,,,,,,,,,,,,,
1772735861710,00015,,,,,,,,,,,,,
1772735861710,00016,,,,,,,,,,,,,
1772735861710,00018,,,,,,,,,,,,,
1772735861710,00019,,,,,,,,,,,,,
1772735861710,00020,,,,,,,,,,,,,
1772735861710,00021,,,,,,,,,,,,,
1772735861710,00022,,,,,,,,,,,,,
1772735861710,00023,,,,,,,,,,,,,
1772735861710,00024,,,,,,,,,,,,,
1772735861710,00025,,,,,,,,,,,,,
1772735861710,00026,,,,,,,,,,,,,
1772735861710,00027,,,,,,,,,,,,,
1772735861710,00028,,,,,,,,,,,,,
1772735861710,00029,,,,,,,,,,,,,
1772735861710,00030,,,,,,,,,,,,,
1772735861710,00017,,,,,,,,,,,,,
1772735861810,00001,,,,,,,,,,,,,
1772735861810,00002,,,,,,,,,,,,,
1772735861810,00003,,,,,,,,,,,,,
1772735861810,00004,,,,,,,,,,,,,
1772735861810,00005,,,,,,,,,,,,,
1772735861810,00006,,,,,,,,,,,,,
1772735861810,00007,,,,,,,,,,,,,
1772735861810,00008,,,,,,,,,,,,,
1772735861810,00009,,,,,,,,,,,,,
1772735861810,00010,,,,,,,,,,,,,
1772735861810,00011,,,,,,,,,,,,,
1772735861810,00012,,,,,,,,,,,,,
1772735861810,00013,,,,,,,,,,,,,
1772735861810,00014,,,,,,,,,,,,,
1772735861810,00015,,,,,,,,,,,,,
1772735861810,00016,,,,,,,,,,,,,
1772735861810,00018,,,,,,,,,,,,,
1772735861810,00019,,,,,,,,,,,,,
1772735861810,00020,,,,,,,,,,,,,
1772735861810,00021,,,,,,,,,,,,,
1772735861810,00022,,,,,,,,,,,,,
1772735861810,00023,,,,,,,,,,,,,
1772735861810,00024,,,,,,,,,,,,,
1772735861810,00025,,,,,,,,,,,,,
1772735861810,00026,,,,,,,,,,,,,
1772735861810,00027,,,,,,,,,,,,,
1772735861810,00028,,,,,,,,,,,,,
1772735861810,00029,,,,,,,,,,,,,
1772735861810,00030,,,,,,,,,,,,,
1772735861810,00017,,,,,,,,,,,,,
1772735861910,00001,,,,,,,,,,,,,
1772735861910,00002,,,,,,,,,,,,,
1772735861910,00003,,,,,,,,,,,,,
1772735861910,00004,,,,,,,,,,,,,
1772735861910,00005,,,,,,,,,,,,,
1772735861910,00006,,,,,,,,,,,,,
1772735861910,00007,,,,,,,,,,,,,
1772735861910,00008,,,,,,,,,,,,,
1772735861910,00009,,,,,,,,,,,,,
1772735861910,00010,,,,,,,,,,,,,
1772735861910,00011,,,,,,,,,,,,,
1772735861910,00012,,,,,,,,,,,,,
1772735861910,00013,,,,,,,,,,,,,
1772735861910,00014,,,,,,,,,,,,,
1772735861910,00015,,,,,,,,,,,,,
1772735861910,00016,,,,,,,,,,,,,
1772735861910,00018,,,,,,,,,,,,,
1772735861910,00019,,,,,,,,,,,,,
1772735861910,00020,,,,,,,,,,,,,
1772735861910,00021,,,,,,,,,,,,,
1772735861910,00022,,,,,,,,,,,,,
1772735861910,00023,,,,,,,,,,,,,
1772735861910,00024,,,,,,,,,,,,,
1772735861910,00025,,,,,,,,,,,,,
1772735861910,00026,,,,,,,,,,,,,
1772735861910,00027,,,,,,,,,,,,,
1772735861910,00028,,,,,,,,,,,,,
1772735861910,00029,,,,,,,,,,,,,
1772735861910,00030,,,,,,,,,,,,,
1772735861910,00017,,,,,,,,,,,,,
1772735862010,00001,,,,,,,,,,,,,
1772735862010,00002,,,,,,,,,,,,,
1772735862010,00003,,,,,,,,,,,,,
1772735862010,00004,,,,,,,,,,,,,
1772735862010,00005,,,,,,,,,,,,,
1772735862010,00006,,,,,,,,,,,,,
1772735862010,00007,,,,,,,,,,,,,
1772735862010,00008,,,,,,,,,,,,,
1772735862010,00009,,,,,,,,,,,,,
1772735862010,00010,,,,,,,,,,,,,
1772735862010,00011,,,,,,,,,,,,,
1772735862010,00012,,,,,,,,,,,,,
1772735862010,00013,,,,,,,,,,,,,
1772735862010,00014,,,,,,,,,,,,,
1772735862010,00015,,,,,,,,,,,,,
1772735862010,00016,,,,,,,,,,,,,
1772735862010,00018,,,,,,,,,,,,,
1772735862010,00019,,,,,,,,,,,,,
1772735862010,00020,,,,,,,,,,,,,
1772735862010,00021,,,,,,,,,,,,,
1772735862010,00022,,,,,,,,,,,,,
1772735862010,00023,,,,,,,,,,,,,
1772735862010,00024,,,,,,,,,,,,,
1772735862010,00025,,,,,,,,,,,,,
1772735862010,00026,,,,,,,,,,,,,
1772735862010,00027,,,,,,,,,,,,,
1772735862010,00028,,,,,,,,,,,,,
1772735862010,00029,,,,,,,,,,,,,
1772735862010,00030,,,,,,,,,,,,,
1772735862010,00017,,,,,,,,,,,,,
1772735862110,00001,,,,,,,,,,,,,
1772735862110,00002,,,,,,,,,,,,,
1772735862110,00003,,,,,,,,,,,,,
1772735862110,00004,,,,,,,,,,,,,
1772735862110,00005,,,,,,,,,,,,,
1772735862110,00006,,,,,,,,,,,,,
1772735862110,00007,,,,,,,,,,,,,
1772735862110,00008,,,,,,,,,,,,,
1772735862110,00009,,,,,,,,,,,,,
1772735862110,00010,,,,,,,,,,,,,
1772735862110,00011,,,,,,,,,,,,,
1772735862110,00012,,,,,,,,,,,,,
1772735862110,00013,,,,,,,,,,,,,
1772735862110,00014,,,,,,,,,,,,,
1772735862110,00015,,,,,,,,,,,,,
1772735862110,00016,,,,,,,,,,,,,
1772735862110,00018,,,,,,,,,,,,,
1772735862110,00019,,,,,,,,,,,,,
1772735862110,00020,,,,,,,,,,,,,
1772735862110,00021,,,,,,,,,,,,,
1772735862110,00022,,,,,,,,,,,,,
1772735862110,00023,,,,,,,,,,,,,
1772735862110,00024,,,,,,,,,,,,,
1772735862110,00025,,,,,,,,,,,,,
1772735862110,00026,,,,,,,,,,,,,
1772735862110,00027,,,,,,,,,,,,,
1772735862110,00028,,,,,,,,,,,,,
1772735862110,00029,,,,,,,,,,,,,
1772735862110,00030,,,,,,,,,,,,,
1772735862110,00017,,,,,,,,,,,,,
1772735862210,00001,,,,,,,,,,,,,
1772735862210,00002,,,,,,,,,,,,,
1772735862210,00003,,,,,,,,,,,,,
1772735862210,00004,,,,,,,,,,,,,
1772735862210,00005,,,,,,,,,,,,,
1772735862210,00006,,,,,,,,,,,,,
1772735862210,00007,,,,,,,,,,,,,
1772735862210,00008,,,,,,,,,,,,,
1772735862210,00009,,,,,,,,,,,,,
1772735862210,00010,,,,,,,,,,,,,
1772735862210,00011,,,,,,,,,,,,,
1772735862210,00012,,,,,,,,,,,,,
1772735862210,00013,,,,,,,,,,,,,
1772735862210,00014,,,,,,,,,,,,,
1772735862210,00015,,,,,,,,,,,,,
1772735862210,00016,,,,,,,,,,,,,
1772735862210,00018,,,,,,,,,,,,,
1772735862210,00019,,,,,,,,,,,,,
1772735862210,00020,,,,,,,,,,,,,
1772735862210,00021,,,,,,,,,,,,,
1772735862210,00022,,,,,,,,,,,,,
1772735862210,00023,,,,,,,,,,,,,
1772735862210,00024,,,,,,,,,,,,,
1772735862210,00025,,,,,,,,,,,,,
1772735862210,00026,,,,,,,,,,,,,
1772735862210,00027,,,,,,,,,,,,,
1772735862210,00028,,,,,,,,,,,,,
1772735862210,00029,,,,,,,,,,,,,
1772735862210,00030,,,,,,,,,,,,,
1772735862210,00017,,,,,,,,,,,,,
1772735862310,00001,,,,,,,,,,,,,
1772735862310,00002,,,,,,,,,,,,,
1772735862310,00003,,,,,,,,,,,,,
1772735862310,00004,,,,,,,,,,,,,
1772735862310,00005,,,,,,,,,,,,,
1772735862310,00006,,,,,,,,,,,,,
1772735862310,00007,,,,,,,,,,,,,
1772735862310,00008,,,,,,,,,,,,,
1772735862310,00009,,,,,,,,,,,,,
1772735862310,00010,,,,,,,,,,,,,
1772735862310,00011,,,,,,,,,,,,,
1772735862310,00012,,,,,,,,,,,,,
1772735862310,00013,,,,,,,,,,,,,
1772735862310,00014,,,,,,,,,,,,,
1772735862310,00015,,,,,,,,,,,,,
1772735862310,00016,,,,,,,,,,,,,
1772735862310,00018,,,,,,,,,,,,,
1772735862310,00019,,,,,,,,,,,,,
1772735862310,00020,,,,,,,,,,,,,
1772735862310,00021,,,,,,,,,,,,,
1772735862310,00022,,,,,,,,,,,,,
1772735862310,00023,,,,,,,,,,,,,
1772735862310,00024,,,,,,,,,,,,,
1772735862310,00025,,,,,,,,,,,,,
1772735862310,00026,,,,,,,,,,,,,
1772735862310,00027,,,,,,,,,,,,,
1772735862310,00028,,,,,,,,,,,,,
1772735862310,00029,,,,,,,,,,,,,
1772735862310,00030,,,,,,,,,,,,,
1772735862310,00017,,,,,,,,,,,,,
1772735862410,00001,,,,,,,,,,,,,
1772735862410,00002,,,,,,,,,,,,,
1772735862410,00003,,,,,,,,,,,,,
1772735862410,00004,,,,,,,,,,,,,
1772735862410,00005,,,,,,,,,,,,,
1772735862410,00006,,,,,,,,,,,,,
1772735862410,00007,,,,,,,,,,,,,
1772735862410,00008,,,,,,,,,,,,,
1772735862410,00009,,,,,,,,,,,,,
1772735862410,00010,,,,,,,,,,,,,
1772735862410,00011,,,,,,,,,,,,,
1772735862410,00012,,,,,,,,,,,,,
1772735862410,00013,,,,,,,,,,,,,
1772735862410,00014,,,,,,,,,,,,,
1772735862410,00015,,,,,,,,,,,,,
1772735862410,00016,,,,,,,,,,,,,
1772735862410,00018,,,,,,,,,,,,,
1772735862410,00019,,,,,,,,,,,,,
1772735862410,00020,,,,,,,,,,,,,
1772735862410,00021,,,,,,,,,,,,,
1772735862410,00022,,,,,,,,,,,,,
1772735862410,00023,,,,,,,,,,,,,
1772735862410,00024,,,,,,,,,,,,,
1772735862410,00025,,,,,,,,,,,,,
1772735862410,00026,,,,,,,,,,,,,
1772735862410,00027,,,,,,,,,,,,,
1772735862410,00028,,,,,,,,,,,,,
1772735862410,00029,,,,,,,,,,,,,
1772735862410,00030,,,,,,,,,,,,,
1772735862410,00017,,,,,,,,,,,,,
1772735862510,00001,,,,,,,,,,,,,
1772735862510,00002,,,,,,,,,,,,,
1772735862510,00003,,,,,,,,,,,,,
1772735862510,00004,,,,,,,,,,,,,
1772735862510,00005,,,,,,,,,,,,,
1772735862510,00006,,,,,,,,,,,,,
1772735862510,00007,,,,,,,,,,,,,
1772735862510,00008,,,,,,,,,,,,,
1772735862510,00009,,,,,,,,,,,,,
1772735862510,00010,,,,,,,,,,,,,
1772735862510,00011,,,,,,,,,,,,,
1772735862510,00012,,,,,,,,,,,,,
1772735862510,00013,,,,,,,,,,,,,
1772735862510,00014,,,,,,,,,,,,,
1772735862510,00015,,,,,,,,,,,,,
1772735862510,00016,,,,,,,,,,,,,
1772735862510,00018,,,,,,,,,,,,,
1772735862510,00019,,,,,,,,,,,,,
1772735862510,00020,,,,,,,,,,,,,
1772735862510,00021,,,,,,,,,,,,,
1772735862510,00022,,,,,,,,,,,,,
1772735862510,00023,,,,,,,,,,,,,
1772735862510,00024,,,,,,,,,,,,,
1772735862510,00025,,,,,,,,,,,,,
1772735862510,00026,,,,,,,,,,,,,
1772735862510,00027,,,,,,,,,,,,,
1772735862510,00028,,,,,,,,,,,,,
1772735862510,00029,,,,,,,,,,,,,
1772735862510,00030,,,,,,,,,,,,,
1772735862510,00017,,,,,,,,,,,,,
1772735862610,00001,,,,,,,,,,,,,
1772735862610,00002,,,,,,,,,,,,,
1772735862610,00003,,,,,,,,,,,,,
1772735862610,00004,,,,,,,,,,,,,
1772735862610,00005,,,,,,,,,,,,,
1772735862610,00006,,,,,,,,,,,,,
1772735862610,00007,,,,,,,,,,,,,
1772735862610,00008,,,,,,,,,,,,,
1772735862610,00009,,,,,,,,,,,,,
1772735862610,00010,,,,,,,,,,,,,
1772735862610,00011,,,,,,,,,,,,,
1772735862610,00012,,,,,,,,,,,,,
1772735862610,00013,,,,,,,,,,,,,
1772735862610,00014,,,,,,,,,,,,,
1772735862610,00015,,,,,,,,,,,,,
1772735862610,00016,,,,,,,,,,,,,
1772735862610,00018,,,,,,,,,,,,,
1772735862610,00019,,,,,,,,,,,,,
1772735862610,00020,,,,,,,,,,,,,
1772735862610,00021,,,,,,,,,,,,,
1772735862610,00022,,,,,,,,,,,,,
1772735862610,00023,,,,,,,,,,,,,
1772735862610,00024,,,,,,,,,,,,,
1772735862610,00025,,,,,,,,,,,,,
1772735862610,00026,,,,,,,,,,,,,
1772735862610,00027,,,,,,,,,,,,,
1772735862610,00028,,,,,,,,,,,,,
1772735862610,00029,,,,,,,,,,,,,
1772735862610,00030,,,,,,,,,,,,,
1772735862610,00017,,,,,,,,,,,,,
1772735862710,00001,,,,,,,,,,,,,
1772735862710,00002,,,,,,,,,,,,,
1772735862710,00003,,,,,,,,,,,,,
1772735862710,00004,,,,,,,,,,,,,
1772735862710,00005,,,,,,,,,,,,,
1772735862710,00006,,,,,,,,,,,,,
1772735862710,00007,,,,,,,,,,,,,
1772735862710,00008,,,,,,,,,,,,,
1772735862710,00009,,,,,,,,,,,,,
1772735862710,00010,,,,,,,,,,,,,
1772735862710,00011,,,,,,,,,,,,,
1772735862710,00012,,,,,,,,,,,,,
1772735862710,00013,,,,,,,,,,,,,
1772735862710,00014,,,,,,,,,,,,,
1772735862710,00015,,,,,,,,,,,,,
1772735862710,00016,,,,,,,,,,,,,
1772735862710,00018,,,,,,,,,,,,,
1772735862710,00019,,,,,,,,,,,,,
1772735862710,00020,,,,,,,,,,,,,
1772735862710,00021,,,,,,,,,,,,,
1772735862710,00022,,,,,,,,,,,,,
1772735862710,00023,,,,,,,,,,,,,
1772735862710,00024,,,,,,,,,,,,,
1772735862710,00025,,,,,,,,,,,,,
1772735862710,00026,,,,,,,,,,,,,
1772735862710,00027,,,,,,,,,,,,,
1772735862710,00028,,,,,,,,,,,,,
1772735862710,00029,,,,,,,,,,,,,
1772735862710,00030,,,,,,,,,,,,,
1772735862710,00017,,,,,,,,,,,,,
1772735862810,00001,,,,,,,,,,,,,
1772735862810,00002,,,,,,,,,,,,,
1772735862810,00003,,,,,,,,,,,,,
1772735862810,00004,,,,,,,,,,,,,
1772735862810,00005,,,,,,,,,,,,,
1772735862810,00006,,,,,,,,,,,,,
1772735862810,00007,,,,,,,,,,,,,
1772735862810,00008,,,,,,,,,,,,,
1772735862810,00009,,,,,,,,,,,,,
1772735862810,00010,,,,,,,,,,,,,
1772735862810,00011,,,,,,,,,,,,,
1772735862810,00012,,,,,,,,,,,,,
1772735862810,00013,,,,,,,,,,,,,
1772735862810,00014,,,,,,,,,,,,,
1772735862810,00015,,,,,,,,,,,,,
1772735862810,00016,,,,,,,,,,,,,
1772735862810,00018,,,,,,,,,,,,,
1772735862810,00019,,,,,,,,,,,,,
1772735862810,00020,,,,,,,,,,,,,
1772735862810,00021,,,,,,,,,,,,,
1772735862810,00022,,,,,,,,,,,,,
1772735862810,00023,,,,,,,,,,,,,
1772735862810,00024,,,,,,,,,,,,,
1772735862810,00025,,,,,,,,,,,,,
1772735862810,00026,,,,,,,,,,,,,
1772735862810,00027,,,,,,,,,,,,,
1772735862810,00028,,,,,,,,,,,,,
1772735862810,00029,,,,,,,,,,,,,
1772735862810,00030,,,,,,,,,,,,,
1772735862810,00017,,,,,,,,,,,,,
1772735862910,00001,,,,,,,,,,,,,
1772735862910,00002,,,,,,,,,,,,,
1772735862910,00003,,,,,,,,,,,,,
1772735862910,00004,,,,,,,,,,,,,
1772735862910,00005,,,,,,,,,,,,,
1772735862910,00006,,,,,,,,,,,,,
1772735862910,00007,,,,,,,,,,,,,
1772735862910,00008,,,,,,,,,,,,,
1772735862910,00009,,,,,,,,,,,,,
1772735862910,00010,,,,,,,,,,,,,
1772735862910,00011,,,,,,,,,,,,,
1772735862910,00012,,,,,,,,,,,,,
1772735862910,00013,,,,,,,,,,,,,
1772735862910,00014,,,,,,,,,,,,,
1772735862910,00015,,,,,,,,,,,,,
1772735862910,00016,,,,,,,,,,,,,
1772735862910,00018,,,,,,,,,,,,,
1772735862910,00019,,,,,,,,,,,,,
1772735862910,00020,,,,,,,,,,,,,
1772735862910,00021,,,,,,,,,,,,,
1772735862910,00022,,,,,,,,,,,,,
1772735862910,00023,,,,,,,,,,,,,
1772735862910,00024,,,,,,,,,,,,,
1772735862910,00025,,,,,,,,,,,,,
1772735862910,00026,,,,,,,,,,,,,
1772735862910,00027,,,,,,,,,,,,,
1772735862910,00028,,,,,,,,,,,,,
1772735862910,00029,,,,,,,,,,,,,
1772735862910,00030,,,,,,,,,,,,,
1772735862910,00017,,,,,,,,,,,,,
1772735863010,00001,,,,,,,,,,,,,
1772735863010,00002,,,,,,,,,,,,,
1772735863010,00003,,,,,,,,,,,,,
1772735863010,00004,,,,,,,,,,,,,
1772735863010,00005,,,,,,,,,,,,,
1772735863010,00006,,,,,,,,,,,,,
1772735863010,00007,,,,,,,,,,,,,
1772735863010,00008,,,,,,,,,,,,,
1772735863010,00009,,,,,,,,,,,,,
1772735863010,00010,,,,,,,,,,,,,
1772735863010,00011,,,,,,,,,,,,,
1772735863010,00012,,,,,,,,,,,,,
1772735863010,00013,,,,,,,,,,,,,
1772735863010,00014,,,,,,,,,,,,,
1772735863010,00015,,,,,,,,,,,,,
1772735863010,00016,,,,,,,,,,,,,
1772735863010,00018,,,,,,,,,,,,,
1772735863010,00019,,,,,,,,,,,,,
1772735863010,00020,,,,,,,,,,,,,
1772735863010,00021,,,,,,,,,,,,,
1772735863010,00022,,,,,,,,,,,,,
1772735863010,00023,,,,,,,,,,,,,
1772735863010,00024,,,,,,,,,,,,,
1772735863010,00025,,,,,,,,,,,,,
1772735863010,00026,,,,,,,,,,,,,
1772735863010,00027,,,,,,,,,,,,,
1772735863010,00028,,,,,,,,,,,,,
1772735863010,00029,,,,,,,,,,,,,
1772735863010,00030,,,,,,,,,,,,,
1772735863010,00017,,,,,,,,,,,,,
1772735863110,00001,,,,,,,,,,,,,
1772735863110,00002,,,,,,,,,,,,,
1772735863110,00003,,,,,,,,,,,,,
1772735863110,00004,,,,,,,,,,,,,
1772735863110,00005,,,,,,,,,,,,,
1772735863110,00006,,,,,,,,,,,,,
1772735863110,00007,,,,,,,,,,,,,
1772735863110,00008,,,,,,,,,,,,,
1772735863110,00009,,,,,,,,,,,,,
1772735863110,00010,,,,,,,,,,,,,
1772735863110,00011,,,,,,,,,,,,,
1772735863110,00012,,,,,,,,,,,,,
1772735863110,00013,,,,,,,,,,,,,
1772735863110,00014,,,,,,,,,,,,,
1772735863110,00015,,,,,,,,,,,,,
1772735863110,00016,,,,,,,,,,,,,
1772735863110,00018,,,,,,,,,,,,,
1772735863110,00019,,,,,,,,,,,,,
1772735863110,00020,,,,,,,,,,,,,
1772735863110,00021,,,,,,,,,,,,,
1772735863110,00022,,,,,,,,,,,,,
1772735863110,00023,,,,,,,,,,,,,
1772735863110,00024,,,,,,,,,,,,,
1772735863110,00025,,,,,,,,,,,,,
1772735863110,00026,,,,,,,,,,,,,
1772735863110,00027,,,,,,,,,,,,,
1772735863110,00028,,,,,,,,,,,,,
1772735863110,00029,,,,,,,,,,,,,
1772735863110,00030,,,,,,,,,,,,,
1772735863110,00017,,,,,,,,,,,,,
1772735863210,00001,,,,,,,,,,,,,
1772735863210,00002,,,,,,,,,,,,,
1772735863210,00003,,,,,,,,,,,,,
1772735863210,00004,,,,,,,,,,,,,
1772735863210,00005,,,,,,,,,,,,,
1772735863210,00006,,,,,,,,,,,,,
1772735863210,00007,,,,,,,,,,,,,
1772735863210,00008,,,,,,,,,,,,,
1772735863210,00009,,,,,,,,,,,,,
1772735863210,00010,,,,,,,,,,,,,
1772735863210,00011,,,,,,,,,,,,,
1772735863210,00012,,,,,,,,,,,,,
1772735863210,00013,,,,,,,,,,,,,
1772735863210,00014,,,,,,,,,,,,,
1772735863210,00015,,,,,,,,,,,,,
1772735863210,00016,,,,,,,,,,,,,
1772735863210,00018,,,,,,,,,,,,,
1772735863210,00019,,,,,,,,,,,,,
1772735863210,00020,,,,,,,,,,,,,
1772735863210,00021,,,,,,,,,,,,,
1772735863210,00022,,,,,,,,,,,,,
1772735863210,00023,,,,,,,,,,,,,
1772735863210,00024,,,,,,,,,,,,,
1772735863210,00025,,,,,,,,,,,,,
1772735863210,00026,,,,,,,,,,,,,
1772735863210,00027,,,,,,,,,,,,,
1772735863210,00028,,,,,,,,,,,,,
1772735863210,00029,,,,,,,,,,,,,
1772735863210,00030,,,,,,,,,,,,,
1772735863210,00017,,,,,,,,,,,,,
1772735863310,00001,,,,,,,,,,,,,
1772735863310,00002,,,,,,,,,,,,,
1772735863310,00003,,,,,,,,,,,,,
1772735863310,00004,,,,,,,,,,,,,
1772735863310,00005,,,,,,,,,,,,,
1772735863310,00006,,,,,,,,,,,,,
1772735863310,00007,,,,,,,,,,,,,
1772735863310,00008,,,,,,,,,,,,,
1772735863310,00009,,,,,,,,,,,,,
1772735863310,00010,,,,,,,,,,,,,
1772735863310,00011,,,,,,,,,,,,,
1772735863310,00012,,,,,,,,,,,,,
1772735863310,00013,,,,,,,,,,,,,
1772735863310,00014,,,,,,,,,,,,,
1772735863310,00015,,,,,,,,,,,,,
1772735863310,00016,,,,,,,,,,,,,
1772735863310,00018,,,,,,,,,,,,,
1772735863310,00019,,,,,,,,,,,,,
1772735863310,00020,,,,,,,,,,,,,
1772735863310,00021,,,,,,,,,,,,,
1772735863310,00022,,,,,,,,,,,,,
1772735863310,00023,,,,,,,,,,,,,
1772735863310,00024,,,,,,,,,,,,,
1772735863310,00025,,,,,,,,,,,,,
1772735863310,00026,,,,,,,,,,,,,
1772735863310,00027,,,,,,,,,,,,,
1772735863310,00028,,,,,,,,,,,,,
1772735863310,00029,,,,,,,,,,,,,
1772735863310,00030,,,,,,,,,,,,,
1772735863310,00017,,,,,,,,,,,,,
1772735863410,00001,,,,,,,,,,,,,
1772735863410,00002,,,,,,,,,,,,,
1772735863410,00003,,,,,,,,,,,,,
1772735863410,00004,,,,,,,,,,,,,
1772735863410,00005,,,,,,,,,,,,,
1772735863410,00006,,,,,,,,,,,,,
1772735863410,00007,,,,,,,,,,,,,
1772735863410,00008,,,,,,,,,,,,,
1772735863410,00009,,,,,,,,,,,,,
1772735863410,00010,,,,,,,,,,,,,
1772735863410,00011,,,,,,,,,,,,,
1772735863410,00012,,,,,,,,,,,,,
1772735863410,00013,,,,,,,,,,,,,
1772735863410,00014,,,,,,,,,,,,,
1772735863410,00015,,,,,,,,,,,,,
1772735863410,00016,,,,,,,,,,,,,
1772735863410,00018,,,,,,,,,,,,,
1772735863410,00019,,,,,,,,,,,,,
1772735863410,00020,,,,,,,,,,,,,
1772735863410,00021,,,,,,,,,,,,,
1772735863410,00022,,,,,,,,,,,,,
1772735863410,00023,,,,,,,,,,,,,
1772735863410,00024,,,,,,,,,,,,,
1772735863410,00025,,,,,,,,,,,,,
1772735863410,00026,,,,,,,,,,,,,
1772735863410,00027,,,,,,,,,,,,,
1772735863410,00028,,,,,,,,,,,,,
1772735863410,00029,,,,,,,,,,,,,
1772735863410,00030,,,,,,,,,,,,,
1772735863410,00017,,,,,,,,,,,,,
1772735863510,00001,,,,,,,,,,,,,
1772735863510,00002,,,,,,,,,,,,,
1772735863510,00003,,,,,,,,,,,,,
1772735863510,00004,,,,,,,,,,,,,
1772735863510,00005,,,,,,,,,,,,,
1772735863510,00006,,,,,,,,,,,,,
1772735863510,00007,,,,,,,,,,,,,
1772735863510,00008,,,,,,,,,,,,,
1772735863510,00009,,,,,,,,,,,,,
1772735863510,00010,,,,,,,,,,,,,
1772735863510,00011,,,,,,,,,,,,,
1772735863510,00012,,,,,,,,,,,,,
1772735863510,00013,,,,,,,,,,,,,
1772735863510,00014,,,,,,,,,,,,,
1772735863510,00015,,,,,,,,,,,,,
1772735863510,00016,,,,,,,,,,,,,
1772735863510,00018,,,,,,,,,,,,,
1772735863510,00019,,,,,,,,,,,,,
1772735863510,00020,,,,,,,,,,,,,
1772735863510,00021,,,,,,,,,,,,,
1772735863510,00022,,,,,,,,,,,,,
1772735863510,00023,,,,,,,,,,,,,
1772735863510,00024,,,,,,,,,,,,,
1772735863510,00025,,,,,,,,,,,,,
1772735863510,00026,,,,,,,,,,,,,
1772735863510,00027,,,,,,,,,,,,,
1772735863510,00028,,,,,,,,,,,,,
1772735863510,00029,,,,,,,,,,,,,
1772735863510,00030,,,,,,,,,,,,,
1772735863510,00017,,,,,,,,,,,,,
1772735863610,00001,,,,,,,,,,,,,
1772735863610,00002,,,,,,,,,,,,,
1772735863610,00003,,,,,,,,,,,,,
1772735863610,00004,,,,,,,,,,,,,
1772735863610,00005,,,,,,,,,,,,,
1772735863610,00006,,,,,,,,,,,,,
1772735863610,00007,,,,,,,,,,,,,
1772735863610,00008,,,,,,,,,,,,,
1772735863610,00009,,,,,,,,,,,,,
1772735863610,00010,,,,,,,,,,,,,
1772735863610,00011,,,,,,,,,,,,,
1772735863610,00012,,,,,,,,,,,,,
1772735863610,00013,,,,,,,,,,,,,
1772735863610,00014,,,,,,,,,,,,,
1772735863610,00015,,,,,,,,,,,,,
1772735863610,00016,,,,,,,,,,,,,
1772735863610,00018,,,,,,,,,,,,,
1772735863610,00019,,,,,,,,,,,,,
1772735863610,00020,,,,,,,,,,,,,
1772735863610,00021,,,,,,,,,,,,,
1772735863610,00022,,,,,,,,,,,,,
1772735863610,00023,,,,,,,,,,,,,
1772735863610,00024,,,,,,,,,,,,,
1772735863610,00025,,,,,,,,,,,,,
1772735863610,00026,,,,,,,,,,,,,
1772735863610,00027,,,,,,,,,,,,,
1772735863610,00028,,,,,,,,,,,,,
1772735863610,00029,,,,,,,,,,,,,
1772735863610,00030,,,,,,,,,,,,,
1772735863610,00017,,,,,,,,,,,,,
1772735863710,00001,,,,,,,,,,,,,
1772735863710,00002,,,,,,,,,,,,,
1772735863710,00003,,,,,,,,,,,,,
1772735863710,00004,,,,,,,,,,,,,
1772735863710,00005,,,,,,,,,,,,,
1772735863710,00006,,,,,,,,,,,,,
1772735863710,00007,,,,,,,,,,,,,
1772735863710,00008,,,,,,,,,,,,,
1772735863710,00009,,,,,,,,,,,,,
1772735863710,00010,,,,,,,,,,,,,
1772735863710,00011,,,,,,,,,,,,,
1772735863710,00012,,,,,,,,,,,,,
1772735863710,00013,,,,,,,,,,,,,
1772735863710,00014,,,,,,,,,,,,,
1772735863710,00015,,,,,,,,,,,,,
1772735863710,00016,,,,,,,,,,,,,
1772735863710,00018,,,,,,,,,,,,,
1772735863710,00019,,,,,,,,,,,,,
1772735863710,00020,,,,,,,,,,,,,
1772735863710,00021,,,,,,,,,,,,,
1772735863710,00022,,,,,,,,,,,,,
1772735863710,00023,,,,,,,,,,,,,
1772735863710,00024,,,,,,,,,,,,,
1772735863710,00025,,,,,,,,,,,,,
1772735863710,00026,,,,,,,,,,,,,
1772735863710,00027,,,,,,,,,,,,,
1772735863710,00028,,,,,,,,,,,,,
1772735863710,00029,,,,,,,,,,,,,
1772735863710,00030,,,,,,,,,,,,,
1772735863710,00017,,,,,,,,,,,,,
1772735863810,00001,,,,,,,,,,,,,
1772735863810,00002,,,,,,,,,,,,,
1772735863810,00003,,,,,,,,,,,,,
1772735863810,00004,,,,,,,,,,,,,
1772735863810,00005,,,,,,,,,,,,,
1772735863810,00006,,,,,,,,,,,,,
1772735863810,00007,,,,,,,,,,,,,
1772735863810,00008,,,,,,,,,,,,,
1772735863810,00009,,,,,,,,,,,,,
1772735863810,00010,,,,,,,,,,,,,
1772735863810,00011,,,,,,,,,,,,,
1772735863810,00012,,,,,,,,,,,,,
1772735863810,00013,,,,,,,,,,,,,
1772735863810,00014,,,,,,,,,,,,,
1772735863810,00015,,,,,,,,,,,,,
1772735863810,00016,,,,,,,,,,,,,
1772735863810,00018,,,,,,,,,,,,,
1772735863810,00019,,,,,,,,,,,,,
1772735863810,00020,,,,,,,,,,,,,
1772735863810,00021,,,,,,,,,,,,,
1772735863810,00022,,,,,,,,,,,,,
1772735863810,00023,,,,,,,,,,,,,
1772735863810,00024,,,,,,,,,,,,,
1772735863810,00025,,,,,,,,,,,,,
1772735863810,00026,,,,,,,,,,,,,
1772735863810,00027,,,,,,,,,,,,,
1772735863810,00028,,,,,,,,,,,,,
1772735863810,00029,,,,,,,,,,,,,
1772735863810,00030,,,,,,,,,,,,,
1772735863810,00017,,,,,,,,,,,,,
1772735863910,00001,,,,,,,,,,,,,
1772735863910,00002,,,,,,,,,,,,,
1772735863910,00003,,,,,,,,,,,,,
1772735863910,00004,,,,,,,,,,,,,
1772735863910,00005,,,,,,,,,,,,,
1772735863910,00006,,,,,,,,,,,,,
1772735863910,00007,,,,,,,,,,,,,
1772735863910,00008,,,,,,,,,,,,,
1772735863910,00009,,,,,,,,,,,,,
1772735863910,00010,,,,,,,,,,,,,
1772735863910,00011,,,,,,,,,,,,,
1772735863910,00012,,,,,,,,,,,,,
1772735863910,00013,,,,,,,,,,,,,
1772735863910,00014,,,,,,,,,,,,,
1772735863910,00015,,,,,,,,,,,,,
1772735863910,00016,,,,,,,,,,,,,
1772735863910,00018,,,,,,,,,,,,,
1772735863910,00019,,,,,,,,,,,,,
1772735863910,00020,,,,,,,,,,,,,
1772735863910,00021,,,,,,,,,,,,,
1772735863910,00022,,,,,,,,,,,,,
1772735863910,00023,,,,,,,,,,,,,
1772735863910,00024,,,,,,,,,,,,,
1772735863910,00025,,,,,,,,,,,,,
1772735863910,00026,,,,,,,,,,,,,
1772735863910,00027,,,,,,,,,,,,,
1772735863910,00028,,,,,,,,,,,,,
1772735863910,00029,,,,,,,,,,,,,
1772735863910,00030,,,,,,,,,,,,,
1772735863910,00017,,,,,,,,,,,,,
1772735864010,00001,,,,,,,,,,,,,
1772735864010,00002,,,,,,,,,,,,,
1772735864010,00003,,,,,,,,,,,,,
1772735864010,00004,,,,,,,,,,,,,
1772735864010,00005,,,,,,,,,,,,,
1772735864010,00006,,,,,,,,,,,,,
1772735864010,00007,,,,,,,,,,,,,
1772735864010,00008,,,,,,,,,,,,,
1772735864010,00009,,,,,,,,,,,,,
1772735864010,00010,,,,,,,,,,,,,
1772735864010,00011,,,,,,,,,,,,,
1772735864010,00012,,,,,,,,,,,,,
1772735864010,00013,,,,,,,,,,,,,
1772735864010,00014,,,,,,,,,,,,,
1772735864010,00015,,,,,,,,,,,,,
1772735864010,00016,,,,,,,,,,,,,
1772735864010,00018,,,,,,,,,,,,,
1772735864010,00019,,,,,,,,,,,,,
1772735864010,00020,,,,,,,,,,,,,
1772735864010,00021,,,,,,,,,,,,,
1772735864010,00022,,,,,,,,,,,,,
1772735864010,00023,,,,,,,,,,,,,
1772735864010,00024,,,,,,,,,,,,,
1772735864010,00025,,,,,,,,,,,,,
1772735864010,00026,,,,,,,,,,,,,
1772735864010,00027,,,,,,,,,,,,,
1772735864010,00028,,,,,,,,,,,,,
1772735864010,00029,,,,,,,,,,,,,
1772735864010,00030,,,,,,,,,,,,,
1772735864010,00017,,,,,,,,,,,,,
1772735864110,00001,,,,,,,,,,,,,
1772735864110,00002,,,,,,,,,,,,,
1772735864110,00003,,,,,,,,,,,,,
1772735864110,00004,,,,,,,,,,,,,
1772735864110,00005,,,,,,,,,,,,,
1772735864110,00006,,,,,,,,,,,,,
1772735864110,00007,,,,,,,,,,,,,
1772735864110,00008,,,,,,,,,,,,,
1772735864110,00009,,,,,,,,,,,,,
1772735864110,00010,,,,,,,,,,,,,
1772735864110,00011,,,,,,,,,,,,,
1772735864110,00012,,,,,,,,,,,,,
1772735864110,00013,,,,,,,,,,,,,
1772735864110,00014,,,,,,,,,,,,,
1772735864110,00015,,,,,,,,,,,,,
1772735864110,00016,,,,,,,,,,,,,
1772735864110,00018,,,,,,,,,,,,,
1772735864110,00019,,,,,,,,,,,,,
1772735864110,00020,,,,,,,,,,,,,
1772735864110,00021,,,,,,,,,,,,,
1772735864110,00022,,,,,,,,,,,,,
1772735864110,00023,,,,,,,,,,,,,
1772735864110,00024,,,,,,,,,,,,,
1772735864110,00025,,,,,,,,,,,,,
1772735864110,00026,,,,,,,,,,,,,
1772735864110,00027,,,,,,,,,,,,,
1772735864110,00028,,,,,,,,,,,,,
1772735864110,00029,,,,,,,,,,,,,
1772735864110,00030,,,,,,,,,,,,,
1772735864110,00017,,,,,,,,,,,,,
1772735864210,00001,,,,,,,,,,,,,
1772735864210,00002,,,,,,,,,,,,,
1772735864210,00003,,,,,,,,,,,,,
1772735864210,00004,,,,,,,,,,,,,
1772735864210,00005,,,,,,,,,,,,,
1772735864210,00006,,,,,,,,,,,,,
1772735864210,00007,,,,,,,,,,,,,
1772735864210,00008,,,,,,,,,,,,,
1772735864210,00009,,,,,,,,,,,,,
1772735864210,00010,,,,,,,,,,,,,
1772735864210,00011,,,,,,,,,,,,,
1772735864210,00012,,,,,,,,,,,,,
1772735864210,00013,,,,,,,,,,,,,
1772735864210,00014,,,,,,,,,,,,,
1772735864210,00015,,,,,,,,,,,,,
1772735864210,00016,,,,,,,,,,,,,
1772735864210,00018,,,,,,,,,,,,,
1772735864210,00019,,,,,,,,,,,,,
1772735864210,00020,,,,,,,,,,,,,
1772735864210,00021,,,,,,,,,,,,,
1772735864210,00022,,,,,,,,,,,,,
1772735864210,00023,,,,,,,,,,,,,
1772735864210,00024,,,,,,,,,,,,,
1772735864210,00025,,,,,,,,,,,,,
1772735864210,00026,,,,,,,,,,,,,
1772735864210,00027,,,,,,,,,,,,,
1772735864210,00028,,,,,,,,,,,,,
1772735864210,00029,,,,,,,,,,,,,
1772735864210,00030,,,,,,,,,,,,,
1772735864210,00017,,,,,,,,,,,,,
