% time	cellId	IMSI	RNTI	sinrLinear	componentCarrierId
0.028	1	0	28	486.674	0
0.321	1	0	1	492.566	0
0.322	1	0	2	5300.96	0
0.323	1	0	3	324.552	0
0.324	1	0	4	525.01	0
0.325	1	0	5	309.346	0
0.326	1	0	6	1314.03	0
0.327	1	0	7	372.994	0
0.328	1	0	8	436.179	0
0.329	1	0	9	510.741	0
0.33	1	0	10	367.511	0
0.331	1	0	11	435.019	0
0.332	1	0	12	4324.87	0
0.333	1	0	13	385.002	0
0.334	1	0	14	5324.96	0
0.335	1	0	15	602.506	0
0.336	1	0	16	333.861	0
0.337	1	0	17	371.34	0
0.338	1	0	18	481.201	0
0.339	1	0	19	1271.2	0
0.34	1	0	20	484.654	0
0.341	1	0	21	2475.84	0
0.342	1	0	22	444.447	0
0.343	1	0	23	410.331	0
0.344	1	0	24	275.405	0
0.345	1	0	25	1062.33	0
0.346	1	0	26	651.725	0
0.347	1	0	27	758.691	0
0.348	1	0	28	485.177	0
0.349	1	0	29	1012.29	0
0.35	1	0	30	308.013	0
0.641	1	0	1	490.579	0
0.642	1	0	2	5306.66	0
0.643	1	0	3	325.44	0
0.644	1	0	4	533.511	0
0.645	1	0	5	309.525	0
0.646	1	0	6	1313.93	0
0.647	1	0	7	377.724	0
0.648	1	0	8	436.963	0
0.649	1	0	9	510.741	0
0.65	1	0	10	364.253	0
0.651	1	0	11	435.125	0
0.652	1	0	12	4324.87	0
0.653	1	0	13	385.352	0
0.654	1	0	14	5324.96	0
0.655	1	0	15	602.506	0
0.656	1	0	16	333.861	0
0.657	1	0	17	371.911	0
0.658	1	0	18	481.201	0
0.659	1	0	19	1265.69	0
0.66	1	0	20	484.654	0
0.661	1	0	21	2473.8	0
0.662	1	0	22	444.27	0
0.663	1	0	23	410.331	0
0.664	1	0	24	275.405	0
0.665	1	0	25	1062.33	0
0.666	1	0	26	651.725	0
0.667	1	0	27	759.514	0
0.668	1	0	28	483.686	0
0.669	1	0	29	1012.23	0
0.67	1	0	30	307.041	0
0.961	1	0	1	488.603	0
0.962	1	0	2	5310.34	0
0.963	1	0	3	326.327	0
0.964	1	0	4	542.207	0
0.965	1	0	5	309.701	0
0.966	1	0	6	1313.83	0
0.967	1	0	7	382.543	0
0.968	1	0	8	437.745	0
0.969	1	0	9	510.741	0
0.97	1	0	10	361.034	0
0.971	1	0	11	435.231	0
0.972	1	0	12	4324.87	0
0.973	1	0	13	385.704	0
0.974	1	0	14	5324.96	0
0.975	1	0	15	602.506	0
0.976	1	0	16	333.861	0
0.977	1	0	17	372.483	0
0.978	1	0	18	481.201	0
0.979	1	0	19	1260.22	0
0.98	1	0	20	484.654	0
0.981	1	0	21	2471.7	0
0.982	1	0	22	444.093	0
0.983	1	0	23	410.331	0
0.984	1	0	24	275.405	0
0.985	1	0	25	1062.33	0
0.986	1	0	26	651.725	0
0.987	1	0	27	760.312	0
0.988	1	0	28	482.201	0
0.989	1	0	29	1012.16	0
0.99	1	0	30	306.073	0
1.281	1	0	1	486.637	0
1.282	1	0	2	5312.83	0
1.283	1	0	3	327.211	0
1.284	1	0	4	551.104	0
1.285	1	0	5	309.875	0
1.286	1	0	6	1313.73	0
1.287	1	0	7	387.454	0
1.288	1	0	8	438.523	0
1.289	1	0	9	510.741	0
1.29	1	0	10	357.853	0
1.291	1	0	11	435.337	0
1.292	1	0	12	4324.87	0
1.293	1	0	13	386.055	0
1.294	1	0	14	5324.97	0
1.295	1	0	15	602.506	0
1.296	1	0	16	333.861	0
1.297	1	0	17	373.056	0
1.298	1	0	18	481.201	0
1.299	1	0	19	1254.78	0
1.3	1	0	20	484.654	0
1.301	1	0	21	2469.54	0
1.302	1	0	22	443.915	0
1.303	1	0	23	410.331	0
1.304	1	0	24	275.405	0
1.305	1	0	25	1062.33	0
1.306	1	0	26	651.725	0
1.307	1	0	27	761.086	0
1.308	1	0	28	480.723	0
1.309	1	0	29	1012.09	0
1.31	1	0	30	305.109	0
1.601	1	0	1	484.683	0
1.602	1	0	2	5314.6	0
1.603	1	0	3	328.093	0
1.604	1	0	4	560.209	0
1.605	1	0	5	310.046	0
1.606	1	0	6	1313.62	0
1.607	1	0	7	392.458	0
1.608	1	0	8	439.298	0
1.609	1	0	9	510.741	0
1.61	1	0	10	354.711	0
1.611	1	0	11	435.443	0
1.612	1	0	12	4324.87	0
1.613	1	0	13	386.407	0
1.614	1	0	14	5324.97	0
1.615	1	0	15	602.506	0
1.616	1	0	16	333.861	0
1.617	1	0	17	373.63	0
1.618	1	0	18	481.201	0
1.619	1	0	19	1249.38	0
1.62	1	0	20	484.654	0
1.621	1	0	21	2467.32	0
1.622	1	0	22	443.737	0
1.623	1	0	23	410.331	0
1.624	1	0	24	275.405	0
1.625	1	0	25	1062.33	0
1.626	1	0	26	651.725	0
1.627	1	0	27	761.836	0
1.628	1	0	28	479.25	0
1.629	1	0	29	1012.03	0
1.63	1	0	30	304.15	0
1.921	1	0	1	482.738	0
1.922	1	0	2	5315.91	0
1.923	1	0	3	328.973	0
1.924	1	0	4	569.526	0
1.925	1	0	5	310.215	0
1.926	1	0	6	1313.52	0
1.927	1	0	7	397.559	0
1.928	1	0	8	440.07	0
1.929	1	0	9	510.741	0
1.93	1	0	10	351.606	0
1.931	1	0	11	435.549	0
1.932	1	0	12	4324.87	0
1.933	1	0	13	386.76	0
1.934	1	0	14	5324.97	0
1.935	1	0	15	602.506	0
1.936	1	0	16	333.861	0
1.937	1	0	17	374.205	0
1.938	1	0	18	481.201	0
1.939	1	0	19	1244.01	0
1.94	1	0	20	484.654	0
1.941	1	0	21	2465.04	0
1.942	1	0	22	443.557	0
1.943	1	0	23	410.331	0
1.944	1	0	24	275.405	0
1.945	1	0	25	1062.33	0
1.946	1	0	26	651.725	0
1.947	1	0	27	762.56	0
1.948	1	0	28	477.784	0
1.949	1	0	29	1011.95	0
1.95	1	0	30	303.194	0
2.241	1	0	1	480.804	0
2.242	1	0	2	5316.93	0
2.243	1	0	3	329.85	0
2.244	1	0	4	577.938	0
2.245	1	0	5	310.381	0
2.246	1	0	6	1313.4	0
2.247	1	0	7	402.758	0
2.248	1	0	8	440.839	0
2.249	1	0	9	510.741	0
2.25	1	0	10	348.537	0
2.251	1	0	11	435.655	0
2.252	1	0	12	4324.87	0
2.253	1	0	13	387.113	0
2.254	1	0	14	5324.97	0
2.255	1	0	15	602.506	0
2.256	1	0	16	333.861	0
2.257	1	0	17	374.782	0
2.258	1	0	18	481.201	0
2.259	1	0	19	1238.67	0
2.26	1	0	20	484.654	0
2.261	1	0	21	2462.71	0
2.262	1	0	22	443.378	0
2.263	1	0	23	410.331	0
2.264	1	0	24	275.405	0
2.265	1	0	25	1062.33	0
2.266	1	0	26	651.725	0
2.267	1	0	27	763.259	0
2.268	1	0	28	476.323	0
2.269	1	0	29	1011.88	0
2.27	1	0	30	302.243	0
2.561	1	0	1	478.88	0
2.562	1	0	2	5317.73	0
2.563	1	0	3	330.726	0
2.564	1	0	4	581.256	0
2.565	1	0	5	310.545	0
2.566	1	0	6	1313.29	0
2.567	1	0	7	406.79	0
2.568	1	0	8	441.605	0
2.569	1	0	9	510.741	0
2.57	1	0	10	345.506	0
2.571	1	0	11	435.761	0
2.572	1	0	12	4324.87	0
2.573	1	0	13	387.467	0
2.574	1	0	14	5324.97	0
2.575	1	0	15	602.506	0
2.576	1	0	16	333.861	0
2.577	1	0	17	375.36	0
2.578	1	0	18	481.201	0
2.579	1	0	19	1233.37	0
2.58	1	0	20	484.654	0
2.581	1	0	21	2460.32	0
2.582	1	0	22	443.197	0
2.583	1	0	23	410.331	0
2.584	1	0	24	275.405	0
2.585	1	0	25	1062.33	0
2.586	1	0	26	651.725	0
2.587	1	0	27	763.933	0
2.588	1	0	28	474.869	0
2.589	1	0	29	1011.8	0
2.59	1	0	30	301.296	0
2.881	1	0	1	476.967	0
2.882	1	0	2	5332.22	0
2.883	1	0	3	331.598	0
2.884	1	0	4	584.598	0
2.885	1	0	5	310.707	0
2.886	1	0	6	1313.18	0
2.887	1	0	7	406.615	0
2.888	1	0	8	442.367	0
2.889	1	0	9	510.741	0
2.89	1	0	10	342.51	0
2.891	1	0	11	435.866	0
2.892	1	0	12	4324.87	0
2.893	1	0	13	387.82	0
2.894	1	0	14	5324.98	0
2.895	1	0	15	602.506	0
2.896	1	0	16	333.861	0
2.897	1	0	17	375.939	0
2.898	1	0	18	481.201	0
2.899	1	0	19	1228.1	0
2.9	1	0	20	484.654	0
2.901	1	0	21	2457.87	0
2.902	1	0	22	443.016	0
2.903	1	0	23	410.331	0
2.904	1	0	24	275.405	0
2.905	1	0	25	1062.33	0
2.906	1	0	26	651.725	0
2.907	1	0	27	764.582	0
2.908	1	0	28	473.42	0
2.909	1	0	29	1011.72	0
2.91	1	0	30	300.352	0
3.201	1	0	1	475.064	0
3.202	1	0	2	5333.22	0
3.203	1	0	3	332.468	0
3.204	1	0	4	587.963	0
3.205	1	0	5	310.866	0
3.206	1	0	6	1313.06	0
3.207	1	0	7	406.397	0
3.208	1	0	8	443.126	0
3.209	1	0	9	510.741	0
3.21	1	0	10	339.215	0
3.211	1	0	11	435.972	0
3.212	1	0	12	4324.87	0
3.213	1	0	13	388.175	0
3.214	1	0	14	5324.98	0
3.215	1	0	15	602.506	0
3.216	1	0	16	333.861	0
3.217	1	0	17	376.519	0
3.218	1	0	18	481.201	0
3.219	1	0	19	1222.86	0
3.22	1	0	20	484.654	0
3.221	1	0	21	2455.36	0
3.222	1	0	22	442.835	0
3.223	1	0	23	410.331	0
3.224	1	0	24	275.405	0
3.225	1	0	25	1062.33	0
3.226	1	0	26	651.725	0
3.227	1	0	27	765.206	0
3.228	1	0	28	471.978	0
3.229	1	0	29	1011.63	0
3.23	1	0	30	299.413	0
3.521	1	0	1	473.17	0
3.522	1	0	2	5334.49	0
3.523	1	0	3	333.336	0
3.524	1	0	4	591.352	0
3.525	1	0	5	311.022	0
3.526	1	0	6	1312.94	0
3.527	1	0	7	406.138	0
3.528	1	0	8	443.882	0
3.529	1	0	9	510.741	0
3.53	1	0	10	334.931	0
3.531	1	0	11	436.078	0
3.532	1	0	12	4324.87	0
3.533	1	0	13	388.53	0
3.534	1	0	14	5324.98	0
3.535	1	0	15	602.506	0
3.536	1	0	16	333.861	0
3.537	1	0	17	377.1	0
3.538	1	0	18	481.201	0
3.539	1	0	19	1217.66	0
3.54	1	0	20	484.654	0
3.541	1	0	21	2452.79	0
3.542	1	0	22	442.653	0
3.543	1	0	23	410.331	0
3.544	1	0	24	275.405	0
3.545	1	0	25	1062.33	0
3.546	1	0	26	651.725	0
3.547	1	0	27	765.803	0
3.548	1	0	28	470.541	0
3.549	1	0	29	1011.54	0
3.55	1	0	30	298.478	0
3.841	1	0	1	471.287	0
3.842	1	0	2	5336.17	0
3.843	1	0	3	334.2	0
3.844	1	0	4	594.764	0
3.845	1	0	5	311.176	0
3.846	1	0	6	1312.82	0
3.847	1	0	7	405.837	0
3.848	1	0	8	444.634	0
3.849	1	0	9	510.741	0
3.85	1	0	10	330.728	0
3.851	1	0	11	436.184	0
3.852	1	0	12	4324.87	0
3.853	1	0	13	388.885	0
3.854	1	0	14	5324.98	0
3.855	1	0	15	602.506	0
3.856	1	0	16	333.861	0
3.857	1	0	17	377.682	0
3.858	1	0	18	481.201	0
3.859	1	0	19	1212.48	0
3.86	1	0	20	484.654	0
3.861	1	0	21	2450.17	0
3.862	1	0	22	442.47	0
3.863	1	0	23	410.331	0
3.864	1	0	24	275.405	0
3.865	1	0	25	1062.33	0
3.866	1	0	26	651.725	0
3.867	1	0	27	766.375	0
3.868	1	0	28	469.111	0
3.869	1	0	29	1011.45	0
3.87	1	0	30	297.547	0
4.161	1	0	1	469.414	0
4.162	1	0	2	5338.45	0
4.163	1	0	3	335.062	0
4.164	1	0	4	598.201	0
4.165	1	0	5	311.327	0
4.166	1	0	6	1312.7	0
4.167	1	0	7	405.495	0
4.168	1	0	8	445.383	0
4.169	1	0	9	510.741	0
4.17	1	0	10	326.601	0
4.171	1	0	11	436.29	0
4.172	1	0	12	4324.87	0
4.173	1	0	13	389.241	0
4.174	1	0	14	5324.99	0
4.175	1	0	15	602.506	0
4.176	1	0	16	333.861	0
4.177	1	0	17	378.266	0
4.178	1	0	18	481.201	0
4.179	1	0	19	1207.34	0
4.18	1	0	20	484.654	0
4.181	1	0	21	2447.5	0
4.182	1	0	22	442.286	0
4.183	1	0	23	410.331	0
4.184	1	0	24	275.405	0
4.185	1	0	25	1062.33	0
4.186	1	0	26	651.725	0
4.187	1	0	27	766.921	0
4.188	1	0	28	467.686	0
4.189	1	0	29	1011.36	0
4.19	1	0	30	296.62	0
4.481	1	0	1	467.551	0
4.482	1	0	2	5341.56	0
4.483	1	0	3	335.921	0
4.484	1	0	4	601.662	0
4.485	1	0	5	311.476	0
4.486	1	0	6	1312.57	0
4.487	1	0	7	405.112	0
4.488	1	0	8	446.128	0
4.489	1	0	9	510.741	0
4.49	1	0	10	322.551	0
4.491	1	0	11	436.396	0
4.492	1	0	12	4324.87	0
4.493	1	0	13	389.597	0
4.494	1	0	14	5324.99	0
4.495	1	0	15	602.506	0
4.496	1	0	16	333.861	0
4.497	1	0	17	378.851	0
4.498	1	0	18	481.201	0
4.499	1	0	19	1202.23	0
4.5	1	0	20	484.654	0
4.501	1	0	21	2444.76	0
4.502	1	0	22	442.102	0
4.503	1	0	23	410.331	0
4.504	1	0	24	275.405	0
4.505	1	0	25	1062.33	0
4.506	1	0	26	651.725	0
4.507	1	0	27	767.442	0
4.508	1	0	28	466.267	0
4.509	1	0	29	1011.26	0
4.51	1	0	30	295.697	0
4.801	1	0	1	465.698	0
4.802	1	0	2	5345.47	0
4.803	1	0	3	335.984	0
4.804	1	0	4	605.147	0
4.805	1	0	5	311.622	0
4.806	1	0	6	1312.44	0
4.807	1	0	7	404.688	0
4.808	1	0	8	446.87	0
4.809	1	0	9	510.741	0
4.81	1	0	10	318.574	0
4.811	1	0	11	436.501	0
4.812	1	0	12	4324.87	0
4.813	1	0	13	389.953	0
4.814	1	0	14	5324.99	0
4.815	1	0	15	602.506	0
4.816	1	0	16	333.861	0
4.817	1	0	17	379.436	0
4.818	1	0	18	481.201	0
4.819	1	0	19	1197.15	0
4.82	1	0	20	484.654	0
4.821	1	0	21	2441.98	0
4.822	1	0	22	441.918	0
4.823	1	0	23	410.331	0
4.824	1	0	24	275.405	0
4.825	1	0	25	1062.33	0
4.826	1	0	26	651.725	0
4.827	1	0	27	767.936	0
4.828	1	0	28	464.854	0
4.829	1	0	29	1011.16	0
4.83	1	0	30	294.778	0
5.121	1	0	1	463.855	0
5.122	1	0	2	5346.89	0
5.123	1	0	3	335.598	0
5.124	1	0	4	608.656	0
5.125	1	0	5	311.766	0
5.126	1	0	6	1312.31	0
5.127	1	0	7	407.489	0
5.128	1	0	8	447.608	0
5.129	1	0	9	510.741	0
5.13	1	0	10	314.669	0
5.131	1	0	11	436.607	0
5.132	1	0	12	4324.87	0
5.133	1	0	13	390.31	0
5.134	1	0	14	5324.99	0
5.135	1	0	15	602.506	0
5.136	1	0	16	333.861	0
5.137	1	0	17	380.024	0
5.138	1	0	18	481.201	0
5.139	1	0	19	1192.11	0
5.14	1	0	20	484.654	0
5.141	1	0	21	2439.13	0
5.142	1	0	22	441.732	0
5.143	1	0	23	410.331	0
5.144	1	0	24	275.405	0
5.145	1	0	25	1062.33	0
5.146	1	0	26	651.725	0
5.147	1	0	27	768.404	0
5.148	1	0	28	463.446	0
5.149	1	0	29	1011.06	0
5.15	1	0	30	293.862	0
5.441	1	0	1	462.022	0
5.442	1	0	2	5318.49	0
5.443	1	0	3	335.192	0
5.444	1	0	4	612.19	0
5.445	1	0	5	311.907	0
5.446	1	0	6	1312.18	0
5.447	1	0	7	410.398	0
5.448	1	0	8	448.342	0
5.449	1	0	9	510.741	0
5.45	1	0	10	310.835	0
5.451	1	0	11	436.713	0
5.452	1	0	12	4324.87	0
5.453	1	0	13	390.668	0
5.454	1	0	14	5325	0
5.455	1	0	15	602.506	0
5.456	1	0	16	333.861	0
5.457	1	0	17	380.612	0
5.458	1	0	18	481.201	0
5.459	1	0	19	1187.09	0
5.46	1	0	20	484.654	0
5.461	1	0	21	2436.24	0
5.462	1	0	22	441.546	0
5.463	1	0	23	410.331	0
5.464	1	0	24	275.405	0
5.465	1	0	25	1062.33	0
5.466	1	0	26	651.725	0
5.467	1	0	27	768.845	0
5.468	1	0	28	462.044	0
5.469	1	0	29	1010.95	0
5.47	1	0	30	292.951	0
5.761	1	0	1	460.198	0
5.762	1	0	2	5317.97	0
5.763	1	0	3	334.765	0
5.764	1	0	4	615.749	0
5.765	1	0	5	312.045	0
5.766	1	0	6	1312.04	0
5.767	1	0	7	413.334	0
5.768	1	0	8	449.073	0
5.769	1	0	9	510.741	0
5.77	1	0	10	310.564	0
5.771	1	0	11	436.819	0
5.772	1	0	12	4324.87	0
5.773	1	0	13	391.026	0
5.774	1	0	14	5325	0
5.775	1	0	15	602.506	0
5.776	1	0	16	333.861	0
5.777	1	0	17	381.201	0
5.778	1	0	18	481.201	0
5.779	1	0	19	1182.1	0
5.78	1	0	20	484.654	0
5.781	1	0	21	2433.29	0
5.782	1	0	22	441.36	0
5.783	1	0	23	410.331	0
5.784	1	0	24	275.405	0
5.785	1	0	25	1062.33	0
5.786	1	0	26	651.725	0
5.787	1	0	27	770.521	0
5.788	1	0	28	460.649	0
5.789	1	0	29	1010.85	0
5.79	1	0	30	292.044	0
6.081	1	0	1	458.384	0
6.082	1	0	2	5317.89	0
6.083	1	0	3	334.318	0
6.084	1	0	4	619.332	0
6.085	1	0	5	312.181	0
6.086	1	0	6	1311.9	0
6.087	1	0	7	416.3	0
6.088	1	0	8	449.8	0
6.089	1	0	9	510.741	0
6.09	1	0	10	310.599	0
6.091	1	0	11	436.925	0
6.092	1	0	12	4324.87	0
6.093	1	0	13	391.384	0
6.094	1	0	14	5325	0
6.095	1	0	15	602.506	0
6.096	1	0	16	333.861	0
6.097	1	0	17	381.792	0
6.098	1	0	18	481.201	0
6.099	1	0	19	1177.15	0
6.1	1	0	20	484.654	0
6.101	1	0	21	2430.28	0
6.102	1	0	22	441.173	0
6.103	1	0	23	410.331	0
6.104	1	0	24	275.405	0
6.105	1	0	25	1062.33	0
6.106	1	0	26	651.725	0
6.107	1	0	27	772.302	0
6.108	1	0	28	459.258	0
6.109	1	0	29	1010.73	0
6.11	1	0	30	291.14	0
6.401	1	0	1	456.579	0
6.402	1	0	2	5318.07	0
6.403	1	0	3	333.851	0
6.404	1	0	4	622.941	0
6.405	1	0	5	312.314	0
6.406	1	0	6	1311.76	0
6.407	1	0	7	419.294	0
6.408	1	0	8	450.523	0
6.409	1	0	9	510.741	0
6.41	1	0	10	310.632	0
6.411	1	0	11	437.031	0
6.412	1	0	12	4324.87	0
6.413	1	0	13	391.743	0
6.414	1	0	14	5325.01	0
6.415	1	0	15	602.506	0
6.416	1	0	16	333.861	0
6.417	1	0	17	382.384	0
6.418	1	0	18	481.201	0
6.419	1	0	19	1172.22	0
6.42	1	0	20	484.654	0
6.421	1	0	21	2427.22	0
6.422	1	0	22	440.985	0
6.423	1	0	23	410.331	0
6.424	1	0	24	275.405	0
6.425	1	0	25	1062.33	0
6.426	1	0	26	651.725	0
6.427	1	0	27	774.071	0
6.428	1	0	28	457.874	0
6.429	1	0	29	1010.62	0
6.43	1	0	30	290.24	0
6.721	1	0	1	454.784	0
6.722	1	0	2	5318.36	0
6.723	1	0	3	333.364	0
6.724	1	0	4	626.575	0
6.725	1	0	5	312.445	0
6.726	1	0	6	1311.62	0
6.727	1	0	7	422.317	0
6.728	1	0	8	451.115	0
6.729	1	0	9	510.741	0
6.73	1	0	10	310.662	0
6.731	1	0	11	437.136	0
6.732	1	0	12	4324.87	0
6.733	1	0	13	392.102	0
6.734	1	0	14	5325.01	0
6.735	1	0	15	602.506	0
6.736	1	0	16	333.861	0
6.737	1	0	17	382.977	0
6.738	1	0	18	481.201	0
6.739	1	0	19	1167.33	0
6.74	1	0	20	484.654	0
6.741	1	0	21	2424.11	0
6.742	1	0	22	440.797	0
6.743	1	0	23	410.331	0
6.744	1	0	24	275.405	0
6.745	1	0	25	1062.33	0
6.746	1	0	26	651.725	0
6.747	1	0	27	775.826	0
6.748	1	0	28	456.495	0
6.749	1	0	29	1010.5	0
6.75	1	0	30	289.344	0
7.041	1	0	1	452.999	0
7.042	1	0	2	5318.7	0
7.043	1	0	3	332.857	0
7.044	1	0	4	630.234	0
7.045	1	0	5	312.615	0
7.046	1	0	6	1311.48	0
7.047	1	0	7	425.37	0
7.048	1	0	8	448.122	0
7.049	1	0	9	510.741	0
7.05	1	0	10	310.69	0
7.051	1	0	11	437.242	0
7.052	1	0	12	4324.87	0
7.053	1	0	13	392.462	0
7.054	1	0	14	5325.01	0
7.055	1	0	15	602.506	0
7.056	1	0	16	333.861	0
7.057	1	0	17	383.571	0
7.058	1	0	18	481.201	0
7.059	1	0	19	1162.46	0
7.06	1	0	20	484.654	0
7.061	1	0	21	2420.95	0
7.062	1	0	22	440.608	0
7.063	1	0	23	410.331	0
7.064	1	0	24	275.405	0
7.065	1	0	25	1062.33	0
7.066	1	0	26	651.725	0
7.067	1	0	27	777.568	0
7.068	1	0	28	455.122	0
7.069	1	0	29	1010.38	0
7.07	1	0	30	288.452	0
7.361	1	0	1	451.223	0
7.362	1	0	2	5319.05	0
7.363	1	0	3	332.742	0
7.364	1	0	4	633.918	0
7.365	1	0	5	313.414	0
7.366	1	0	6	1311.33	0
7.367	1	0	7	428.452	0
7.368	1	0	8	445.125	0
7.369	1	0	9	510.741	0
7.37	1	0	10	310.716	0
7.371	1	0	11	437.348	0
7.372	1	0	12	4324.87	0
7.373	1	0	13	392.822	0
7.374	1	0	14	5325.01	0
7.375	1	0	15	602.506	0
7.376	1	0	16	333.861	0
7.377	1	0	17	384.167	0
7.378	1	0	18	481.201	0
7.379	1	0	19	1157.62	0
7.38	1	0	20	484.654	0
7.381	1	0	21	2417.73	0
7.382	1	0	22	440.419	0
7.383	1	0	23	410.331	0
7.384	1	0	24	275.405	0
7.385	1	0	25	1062.33	0
7.386	1	0	26	651.725	0
7.387	1	0	27	779.296	0
7.388	1	0	28	453.754	0
7.389	1	0	29	1010.26	0
7.39	1	0	30	287.564	0
7.681	1	0	1	449.456	0
7.682	1	0	2	5319.38	0
7.683	1	0	3	333.613	0
7.684	1	0	4	637.628	0
7.685	1	0	5	314.21	0
7.686	1	0	6	1311.18	0
7.687	1	0	7	431.565	0
7.688	1	0	8	442.126	0
7.689	1	0	9	510.741	0
7.69	1	0	10	310.74	0
7.691	1	0	11	437.454	0
7.692	1	0	12	4324.87	0
7.693	1	0	13	393.183	0
7.694	1	0	14	5325.02	0
7.695	1	0	15	602.506	0
7.696	1	0	16	333.861	0
7.697	1	0	17	384.763	0
7.698	1	0	18	481.201	0
7.699	1	0	19	1152.82	0
7.7	1	0	20	484.654	0
7.701	1	0	21	2414.47	0
7.702	1	0	22	440.229	0
7.703	1	0	23	410.331	0
7.704	1	0	24	275.405	0
7.705	1	0	25	1062.33	0
7.706	1	0	26	651.725	0
7.707	1	0	27	781.011	0
7.708	1	0	28	452.392	0
7.709	1	0	29	1010.13	0
7.71	1	0	30	286.679	0
8.001	1	0	1	450.408	0
8.002	1	0	2	5319.69	0
8.003	1	0	3	334.483	0
8.004	1	0	4	632.275	0
8.005	1	0	5	315.001	0
8.006	1	0	6	1311.03	0
8.007	1	0	7	434.709	0
8.008	1	0	8	439.125	0
8.009	1	0	9	510.741	0
8.01	1	0	10	310.761	0
8.011	1	0	11	437.56	0
8.012	1	0	12	4324.87	0
8.013	1	0	13	393.544	0
8.014	1	0	14	5325.02	0
8.015	1	0	15	602.506	0
8.016	1	0	16	333.861	0
8.017	1	0	17	385.361	0
8.018	1	0	18	481.201	0
8.019	1	0	19	1148.04	0
8.02	1	0	20	484.654	0
8.021	1	0	21	2411.15	0
8.022	1	0	22	440.038	0
8.023	1	0	23	410.331	0
8.024	1	0	24	275.405	0
8.025	1	0	25	1062.33	0
8.026	1	0	26	651.725	0
8.027	1	0	27	782.711	0
8.028	1	0	28	451.035	0
8.029	1	0	29	1010	0
8.03	1	0	30	285.798	0
8.321	1	0	1	454.272	0
8.322	1	0	2	5319.98	0
8.323	1	0	3	335.352	0
8.324	1	0	4	622.78	0
8.325	1	0	5	315.787	0
8.326	1	0	6	1310.88	0
8.327	1	0	7	437.883	0
8.328	1	0	8	436.123	0
8.329	1	0	9	510.741	0
8.33	1	0	10	310.78	0
8.331	1	0	11	437.665	0
8.332	1	0	12	4324.87	0
8.333	1	0	13	393.906	0
8.334	1	0	14	5325.02	0
8.335	1	0	15	602.506	0
8.336	1	0	16	333.861	0
8.337	1	0	17	385.96	0
8.338	1	0	18	481.201	0
8.339	1	0	19	1143.29	0
8.34	1	0	20	484.654	0
8.341	1	0	21	2407.78	0
8.342	1	0	22	439.847	0
8.343	1	0	23	410.331	0
8.344	1	0	24	275.405	0
8.345	1	0	25	1062.33	0
8.346	1	0	26	651.725	0
8.347	1	0	27	784.396	0
8.348	1	0	28	449.684	0
8.349	1	0	29	1009.87	0
8.35	1	0	30	286.385	0
8.641	1	0	1	458.178	0
8.642	1	0	2	5320.25	0
8.643	1	0	3	336.22	0
8.644	1	0	4	613.476	0
8.645	1	0	5	316.568	0
8.646	1	0	6	1310.72	0
8.647	1	0	7	441.089	0
8.648	1	0	8	433.121	0
8.649	1	0	9	510.741	0
8.65	1	0	10	310.797	0
8.651	1	0	11	437.771	0
8.652	1	0	12	4324.87	0
8.653	1	0	13	394.268	0
8.654	1	0	14	5325.02	0
8.655	1	0	15	602.506	0
8.656	1	0	16	333.861	0
8.657	1	0	17	386.561	0
8.658	1	0	18	481.201	0
8.659	1	0	19	1138.57	0
8.66	1	0	20	484.654	0
8.661	1	0	21	2404.37	0
8.662	1	0	22	439.655	0
8.663	1	0	23	410.331	0
8.664	1	0	24	275.405	0
8.665	1	0	25	1062.33	0
8.666	1	0	26	651.725	0
8.667	1	0	27	786.067	0
8.668	1	0	28	448.338	0
8.669	1	0	29	1009.73	0
8.67	1	0	30	288.275	0
8.961	1	0	1	462.127	0
8.962	1	0	2	5320.49	0
8.963	1	0	3	337.087	0
8.964	1	0	4	604.358	0
8.965	1	0	5	317.345	0
8.966	1	0	6	1310.57	0
8.967	1	0	7	444.321	0
8.968	1	0	8	430.12	0
8.969	1	0	9	510.741	0
8.97	1	0	10	310.811	0
8.971	1	0	11	437.877	0
8.972	1	0	12	4324.87	0
8.973	1	0	13	394.63	0
8.974	1	0	14	5325.03	0
8.975	1	0	15	602.506	0
8.976	1	0	16	333.861	0
8.977	1	0	17	387.162	0
8.978	1	0	18	481.201	0
8.979	1	0	19	1133.88	0
8.98	1	0	20	484.654	0
8.981	1	0	21	2400.9	0
8.982	1	0	22	439.463	0
8.983	1	0	23	410.331	0
8.984	1	0	24	275.405	0
8.985	1	0	25	1062.33	0
8.986	1	0	26	651.725	0
8.987	1	0	27	787.723	0
8.988	1	0	28	446.998	0
8.989	1	0	29	1009.6	0
8.99	1	0	30	290.18	0
9.281	1	0	1	466.118	0
9.282	1	0	2	5320.71	0
9.283	1	0	3	337.953	0
9.284	1	0	4	595.421	0
9.285	1	0	5	318.117	0
9.286	1	0	6	1310.41	0
9.287	1	0	7	446.463	0
9.288	1	0	8	427.982	0
9.289	1	0	9	510.741	0
9.29	1	0	10	310.823	0
9.291	1	0	11	437.983	0
9.292	1	0	12	4324.87	0
9.293	1	0	13	394.993	0
9.294	1	0	14	5325.03	0
9.295	1	0	15	602.506	0
9.296	1	0	16	333.861	0
9.297	1	0	17	387.765	0
9.298	1	0	18	481.201	0
9.299	1	0	19	1129.21	0
9.3	1	0	20	484.654	0
9.301	1	0	21	2397.38	0
9.302	1	0	22	439.27	0
9.303	1	0	23	410.331	0
9.304	1	0	24	275.405	0
9.305	1	0	25	1062.33	0
9.306	1	0	26	651.725	0
9.307	1	0	27	789.364	0
9.308	1	0	28	445.664	0
9.309	1	0	29	1009.45	0
9.31	1	0	30	292.101	0
9.601	1	0	1	470.153	0
9.602	1	0	2	5320.91	0
9.603	1	0	3	338.817	0
9.604	1	0	4	586.663	0
9.605	1	0	5	318.884	0
9.606	1	0	6	1310.24	0
9.607	1	0	7	448.62	0
9.608	1	0	8	429.583	0
9.609	1	0	9	510.741	0
9.61	1	0	10	310.832	0
9.611	1	0	11	438.088	0
9.612	1	0	12	4324.87	0
9.613	1	0	13	395.357	0
9.614	1	0	14	5325.03	0
9.615	1	0	15	602.506	0
9.616	1	0	16	333.861	0
9.617	1	0	17	388.369	0
9.618	1	0	18	481.201	0
9.619	1	0	19	1124.57	0
9.62	1	0	20	484.654	0
9.621	1	0	21	2393.82	0
9.622	1	0	22	439.076	0
9.623	1	0	23	410.331	0
9.624	1	0	24	275.405	0
9.625	1	0	25	1062.33	0
9.626	1	0	26	651.725	0
9.627	1	0	27	790.99	0
9.628	1	0	28	444.334	0
9.629	1	0	29	1009.31	0
9.63	1	0	30	294.039	0
