timestamp,ueId,percentage
1772735854410,1,0.5
1772735854410,2,0.5
1772735854410,3,0.5
1772735854410,4,0.5
1772735854410,5,0.5
1772735854410,6,0.5
1772735854410,7,0.5
1772735854410,8,0.5
1772735854410,9,0.5
1772735854410,10,0.5
1772735854410,11,0.5
1772735854410,12,0.5
1772735854410,13,0.5
1772735854410,14,0.5
1772735854410,15,0.5
1772735854410,16,0.5
1772735854410,17,0.5
1772735854410,18,0.5
1772735854410,19,0.5
1772735854410,20,0.5
1772735854410,21,0.5
1772735854410,22,0.5
1772735854410,23,0.5
1772735854410,24,0.5
1772735854410,25,0.5
1772735854410,26,0.5
1772735854410,27,0.5
1772735854410,28,0.5
1772735854410,29,0.5
1772735854410,30,0.5
1772735854510,1,0.5
1772735854510,2,0.5
1772735854510,3,0.5
1772735854510,4,0.5
1772735854510,5,0.5
1772735854510,6,0.5
1772735854510,7,0.5
1772735854510,8,0.5
1772735854510,9,0.5
1772735854510,10,0.5
1772735854510,11,0.5
1772735854510,12,0.5
1772735854510,13,0.5
1772735854510,14,0.5
1772735854510,15,0.5
1772735854510,16,0.5
1772735854510,17,0.5
1772735854510,18,0.5
1772735854510,19,0.5
1772735854510,20,0.5
1772735854510,21,0.5
1772735854510,22,0.5
1772735854510,23,0.5
1772735854510,24,0.5
1772735854510,25,0.5
1772735854510,26,0.5
1772735854510,27,0.5
1772735854510,28,0.5
1772735854510,29,0.5
1772735854510,30,0.5
1772735854610,1,0.5
1772735854610,2,0.5
1772735854610,3,0.5
1772735854610,4,0.5
1772735854610,5,0.5
1772735854610,6,0.5
1772735854610,7,0.5
1772735854610,8,0.5
1772735854610,9,0.5
1772735854610,10,0.5
1772735854610,11,0.5
1772735854610,12,0.5
1772735854610,13,0.5
1772735854610,14,0.5
1772735854610,15,0.5
1772735854610,16,0.5
1772735854610,17,0.5
1772735854610,18,0.5
1772735854610,19,0.5
1772735854610,20,0.5
1772735854610,21,0.5
1772735854610,22,0.5
1772735854610,23,0.5
1772735854610,24,0.5
1772735854610,25,0.5
1772735854610,26,0.5
1772735854610,27,0.5
1772735854610,28,0.5
1772735854610,29,0.5
1772735854610,30,0.5
1772735854710,1,0.5
1772735854710,2,0.5
1772735854710,3,0.5
1772735854710,4,0.5
1772735854710,5,0.5
1772735854710,6,0.5
1772735854710,7,0.5
1772735854710,8,0.5
1772735854710,9,0.5
1772735854710,10,0.5
1772735854710,11,0.5
1772735854710,12,0.5
1772735854710,13,0.5
1772735854710,14,0.5
1772735854710,15,0.5
1772735854710,16,0.5
1772735854710,17,0.5
1772735854710,18,0.5
1772735854710,19,0.5
1772735854710,20,0.5
1772735854710,21,0.5
1772735854710,22,0.5
1772735854710,23,0.5
1772735854710,24,0.5
1772735854710,25,0.5
1772735854710,26,0.5
1772735854710,27,0.5
1772735854710,28,0.5
1772735854710,29,0.5
1772735854710,30,0.5
1772735854810,1,0.5
1772735854810,2,0.5
1772735854810,3,0.5
1772735854810,4,0.5
1772735854810,5,0.5
1772735854810,6,0.5
1772735854810,7,0.5
1772735854810,8,0.5
1772735854810,9,0.5
1772735854810,10,0.5
1772735854810,11,0.5
1772735854810,12,0.5
1772735854810,13,0.5
1772735854810,14,0.5
1772735854810,15,0.5
1772735854810,16,0.5
1772735854810,17,0.5
1772735854810,18,0.5
1772735854810,19,0.5
1772735854810,20,0.5
1772735854810,21,0.5
1772735854810,22,0.5
1772735854810,23,0.5
1772735854810,24,0.5
1772735854810,25,0.5
1772735854810,26,0.5
1772735854810,27,0.5
1772735854810,28,0.5
1772735854810,29,0.5
1772735854810,30,0.5
1772735854910,1,0.5
1772735854910,2,0.5
1772735854910,3,0.5
1772735854910,4,0.5
1772735854910,5,0.5
1772735854910,6,0.5
1772735854910,7,0.5
1772735854910,8,0.5
1772735854910,9,0.5
1772735854910,10,0.5
1772735854910,11,0.5
1772735854910,12,0.5
1772735854910,13,0.5
1772735854910,14,0.5
1772735854910,15,0.5
1772735854910,16,0.5
1772735854910,17,0.5
1772735854910,18,0.5
1772735854910,19,0.5
1772735854910,20,0.5
1772735854910,21,0.5
1772735854910,22,0.5
1772735854910,23,0.5
1772735854910,24,0.5
1772735854910,25,0.5
1772735854910,26,0.5
1772735854910,27,0.5
1772735854910,28,0.5
1772735854910,29,0.5
1772735854910,30,0.5
1772735855010,1,0.5
1772735855010,2,0.5
1772735855010,3,0.5
1772735855010,4,0.5
1772735855010,5,0.5
1772735855010,6,0.5
1772735855010,7,0.5
1772735855010,8,0.5
1772735855010,9,0.5
1772735855010,10,0.5
1772735855010,11,0.5
1772735855010,12,0.5
1772735855010,13,0.5
1772735855010,14,0.5
1772735855010,15,0.5
1772735855010,16,0.5
1772735855010,17,0.5
1772735855010,18,0.5
1772735855010,19,0.5
1772735855010,20,0.5
1772735855010,21,0.5
1772735855010,22,0.5
1772735855010,23,0.5
1772735855010,24,0.5
1772735855010,25,0.5
1772735855010,26,0.5
1772735855010,27,0.5
1772735855010,28,0.5
1772735855010,29,0.5
1772735855010,30,0.5
1772735855110,1,0.5
1772735855110,2,0.5
1772735855110,3,0.5
1772735855110,4,0.5
1772735855110,5,0.5
1772735855110,6,0.5
1772735855110,7,0.5
1772735855110,8,0.5
1772735855110,9,0.5
1772735855110,10,0.5
1772735855110,11,0.5
1772735855110,12,0.5
1772735855110,13,0.5
1772735855110,14,0.5
1772735855110,15,0.5
1772735855110,16,0.5
1772735855110,17,0.5
1772735855110,18,0.5
1772735855110,19,0.5
1772735855110,20,0.5
1772735855110,21,0.5
1772735855110,22,0.5
1772735855110,23,0.5
1772735855110,24,0.5
1772735855110,25,0.5
1772735855110,26,0.5
1772735855110,27,0.5
1772735855110,28,0.5
1772735855110,29,0.5
1772735855110,30,0.5
1772735855210,1,0.5
1772735855210,2,0.5
1772735855210,3,0.5
1772735855210,4,0.5
1772735855210,5,0.5
1772735855210,6,0.5
1772735855210,7,0.5
1772735855210,8,0.5
1772735855210,9,0.5
1772735855210,10,0.5
1772735855210,11,0.5
1772735855210,12,0.5
1772735855210,13,0.5
1772735855210,14,0.5
1772735855210,15,0.5
1772735855210,16,0.5
1772735855210,17,0.5
1772735855210,18,0.5
1772735855210,19,0.5
1772735855210,20,0.5
1772735855210,21,0.5
1772735855210,22,0.5
1772735855210,23,0.5
1772735855210,24,0.5
1772735855210,25,0.5
1772735855210,26,0.5
1772735855210,27,0.5
1772735855210,28,0.5
1772735855210,29,0.5
1772735855210,30,0.5
1772735855310,1,0.5
1772735855310,2,0.5
1772735855310,3,0.5
1772735855310,4,0.5
1772735855310,5,0.5
1772735855310,6,0.5
1772735855310,7,0.5
1772735855310,8,0.5
1772735855310,9,0.5
1772735855310,10,0.5
1772735855310,11,0.5
1772735855310,12,0.5
1772735855310,13,0.5
1772735855310,14,0.5
1772735855310,15,0.5
1772735855310,16,0.5
1772735855310,17,0.5
1772735855310,18,0.5
1772735855310,19,0.5
1772735855310,20,0.5
1772735855310,21,0.5
1772735855310,22,0.5
1772735855310,23,0.5
1772735855310,24,0.5
1772735855310,25,0.5
1772735855310,26,0.5
1772735855310,27,0.5
1772735855310,28,0.5
1772735855310,29,0.5
1772735855310,30,0.5
1772735855410,1,0.5
1772735855410,2,0.5
1772735855410,3,0.5
1772735855410,4,0.5
1772735855410,5,0.5
1772735855410,6,0.5
1772735855410,7,0.5
1772735855410,8,0.5
1772735855410,9,0.5
1772735855410,10,0.5
1772735855410,11,0.5
1772735855410,12,0.5
1772735855410,13,0.5
1772735855410,14,0.5
1772735855410,15,0.5
1772735855410,16,0.5
1772735855410,17,0.5
1772735855410,18,0.5
1772735855410,19,0.5
1772735855410,20,0.5
1772735855410,21,0.5
1772735855410,22,0.5
1772735855410,23,0.5
1772735855410,24,0.5
1772735855410,25,0.5
1772735855410,26,0.5
1772735855410,27,0.5
1772735855410,28,0.5
1772735855410,29,0.5
1772735855410,30,0.5
1772735855510,1,0.5
1772735855510,2,0.5
1772735855510,3,0.5
1772735855510,4,0.5
1772735855510,5,0.5
1772735855510,6,0.5
1772735855510,7,0.5
1772735855510,8,0.5
1772735855510,9,0.5
1772735855510,10,0.5
1772735855510,11,0.5
1772735855510,12,0.5
1772735855510,13,0.5
1772735855510,14,0.5
1772735855510,15,0.5
1772735855510,16,0.5
1772735855510,17,0.5
1772735855510,18,0.5
1772735855510,19,0.5
1772735855510,20,0.5
1772735855510,21,0.5
1772735855510,22,0.5
1772735855510,23,0.5
1772735855510,24,0.5
1772735855510,25,0.5
1772735855510,26,0.5
1772735855510,27,0.5
1772735855510,28,0.5
1772735855510,29,0.5
1772735855510,30,0.5
1772735855610,1,0.5
1772735855610,2,0.5
1772735855610,3,0.5
1772735855610,4,0.5
1772735855610,5,0.5
1772735855610,6,0.5
1772735855610,7,0.5
1772735855610,8,0.5
1772735855610,9,0.5
1772735855610,10,0.5
1772735855610,11,0.5
1772735855610,12,0.5
1772735855610,13,0.5
1772735855610,14,0.5
1772735855610,15,0.5
1772735855610,16,0.5
1772735855610,17,0.5
1772735855610,18,0.5
1772735855610,19,0.5
1772735855610,20,0.5
1772735855610,21,0.5
1772735855610,22,0.5
1772735855610,23,0.5
1772735855610,24,0.5
1772735855610,25,0.5
1772735855610,26,0.5
1772735855610,27,0.5
1772735855610,28,0.5
1772735855610,29,0.5
1772735855610,30,0.5
1772735855710,1,0.5
1772735855710,2,0.5
1772735855710,3,0.5
1772735855710,4,0.5
1772735855710,5,0.5
1772735855710,6,0.5
1772735855710,7,0.5
1772735855710,8,0.5
1772735855710,9,0.5
1772735855710,10,0.5
1772735855710,11,0.5
1772735855710,12,0.5
1772735855710,13,0.5
1772735855710,14,0.5
1772735855710,15,0.5
1772735855710,16,0.5
1772735855710,17,0.5
1772735855710,18,0.5
1772735855710,19,0.5
1772735855710,20,0.5
1772735855710,21,0.5
1772735855710,22,0.5
1772735855710,23,0.5
1772735855710,24,0.5
1772735855710,25,0.5
1772735855710,26,0.5
1772735855710,27,0.5
1772735855710,28,0.5
1772735855710,29,0.5
1772735855710,30,0.5
1772735855810,1,0.5
1772735855810,2,0.5
1772735855810,3,0.5
1772735855810,4,0.5
1772735855810,5,0.5
1772735855810,6,0.5
1772735855810,7,0.5
1772735855810,8,0.5
1772735855810,9,0.5
1772735855810,10,0.5
1772735855810,11,0.5
1772735855810,12,0.5
1772735855810,13,0.5
1772735855810,14,0.5
1772735855810,15,0.5
1772735855810,16,0.5
1772735855810,17,0.5
1772735855810,18,0.5
1772735855810,19,0.5
1772735855810,20,0.5
1772735855810,21,0.5
1772735855810,22,0.5
1772735855810,23,0.5
1772735855810,24,0.5
1772735855810,25,0.5
1772735855810,26,0.5
1772735855810,27,0.5
1772735855810,28,0.5
1772735855810,29,0.5
1772735855810,30,0.5
1772735855910,1,0.5
1772735855910,2,0.5
1772735855910,3,0.5
1772735855910,4,0.5
1772735855910,5,0.5
1772735855910,6,0.5
1772735855910,7,0.5
1772735855910,8,0.5
1772735855910,9,0.5
1772735855910,10,0.5
1772735855910,11,0.5
1772735855910,12,0.5
1772735855910,13,0.5
1772735855910,14,0.5
1772735855910,15,0.5
1772735855910,16,0.5
1772735855910,17,0.5
1772735855910,18,0.5
1772735855910,19,0.5
1772735855910,20,0.5
1772735855910,21,0.5
1772735855910,22,0.5
1772735855910,23,0.5
1772735855910,24,0.5
1772735855910,25,0.5
1772735855910,26,0.5
1772735855910,27,0.5
1772735855910,28,0.5
1772735855910,29,0.5
1772735855910,30,0.5
1772735856010,1,0.5
1772735856010,2,0.5
1772735856010,3,0.5
1772735856010,4,0.5
1772735856010,5,0.5
1772735856010,6,0.5
1772735856010,7,0.5
1772735856010,8,0.5
1772735856010,9,0.5
1772735856010,10,0.5
1772735856010,11,0.5
1772735856010,12,0.5
1772735856010,13,0.5
1772735856010,14,0.5
1772735856010,15,0.5
1772735856010,16,0.5
1772735856010,17,0.5
1772735856010,18,0.5
1772735856010,19,0.5
1772735856010,20,0.5
1772735856010,21,0.5
1772735856010,22,0.5
1772735856010,23,0.5
1772735856010,24,0.5
1772735856010,25,0.5
1772735856010,26,0.5
1772735856010,27,0.5
1772735856010,28,0.5
1772735856010,29,0.5
1772735856010,30,0.5
1772735856110,1,0.5
1772735856110,2,0.5
1772735856110,3,0.5
1772735856110,4,0.5
1772735856110,5,0.5
1772735856110,6,0.5
1772735856110,7,0.5
1772735856110,8,0.5
1772735856110,9,0.5
1772735856110,10,0.5
1772735856110,11,0.5
1772735856110,12,0.5
1772735856110,13,0.5
1772735856110,14,0.5
1772735856110,15,0.5
1772735856110,16,0.5
1772735856110,17,0.5
1772735856110,18,0.5
1772735856110,19,0.5
1772735856110,20,0.5
1772735856110,21,0.5
1772735856110,22,0.5
1772735856110,23,0.5
1772735856110,24,0.5
1772735856110,25,0.5
1772735856110,26,0.5
1772735856110,27,0.5
1772735856110,28,0.5
1772735856110,29,0.5
1772735856110,30,0.5
1772735856210,1,0.5
1772735856210,2,0.5
1772735856210,3,0.5
1772735856210,4,0.5
1772735856210,5,0.5
1772735856210,6,0.5
1772735856210,7,0.5
1772735856210,8,0.5
1772735856210,9,0.5
1772735856210,10,0.5
1772735856210,11,0.5
1772735856210,12,0.5
1772735856210,13,0.5
1772735856210,14,0.5
1772735856210,15,0.5
1772735856210,16,0.5
1772735856210,17,0.5
1772735856210,18,0.5
1772735856210,19,0.5
1772735856210,20,0.5
1772735856210,21,0.5
1772735856210,22,0.5
1772735856210,23,0.5
1772735856210,24,0.5
1772735856210,25,0.5
1772735856210,26,0.5
1772735856210,27,0.5
1772735856210,28,0.5
1772735856210,29,0.5
1772735856210,30,0.5
1772735856310,1,0.5
1772735856310,2,0.5
1772735856310,3,0.5
1772735856310,4,0.5
1772735856310,5,0.5
1772735856310,6,0.5
1772735856310,7,0.5
1772735856310,8,0.5
1772735856310,9,0.5
1772735856310,10,0.5
1772735856310,11,0.5
1772735856310,12,0.5
1772735856310,13,0.5
1772735856310,14,0.5
1772735856310,15,0.5
1772735856310,16,0.5
1772735856310,17,0.5
1772735856310,18,0.5
1772735856310,19,0.5
1772735856310,20,0.5
1772735856310,21,0.5
1772735856310,22,0.5
1772735856310,23,0.5
1772735856310,24,0.5
1772735856310,25,0.5
1772735856310,26,0.5
1772735856310,27,0.5
1772735856310,28,0.5
1772735856310,29,0.5
1772735856310,30,0.5
1772735856410,1,0.5
1772735856410,2,0.5
1772735856410,3,0.5
1772735856410,4,0.5
1772735856410,5,0.5
1772735856410,6,0.5
1772735856410,7,0.5
1772735856410,8,0.5
1772735856410,9,0.5
1772735856410,10,0.5
1772735856410,11,0.5
1772735856410,12,0.5
1772735856410,13,0.5
1772735856410,14,0.5
1772735856410,15,0.5
1772735856410,16,0.5
1772735856410,17,0.5
1772735856410,18,0.5
1772735856410,19,0.5
1772735856410,20,0.5
1772735856410,21,0.5
1772735856410,22,0.5
1772735856410,23,0.5
1772735856410,24,0.5
1772735856410,25,0.5
1772735856410,26,0.5
1772735856410,27,0.5
1772735856410,28,0.5
1772735856410,29,0.5
1772735856410,30,0.5
1772735856510,1,0.5
1772735856510,2,0.5
1772735856510,3,0.5
1772735856510,4,0.5
1772735856510,5,0.5
1772735856510,6,0.5
1772735856510,7,0.5
1772735856510,8,0.5
1772735856510,9,0.5
1772735856510,10,0.5
1772735856510,11,0.5
1772735856510,12,0.5
1772735856510,13,0.5
1772735856510,14,0.5
1772735856510,15,0.5
1772735856510,16,0.5
1772735856510,17,0.5
1772735856510,18,0.5
1772735856510,19,0.5
1772735856510,20,0.5
1772735856510,21,0.5
1772735856510,22,0.5
1772735856510,23,0.5
1772735856510,24,0.5
1772735856510,25,0.5
1772735856510,26,0.5
1772735856510,27,0.5
1772735856510,28,0.5
1772735856510,29,0.5
1772735856510,30,0.5
1772735856610,1,0.5
1772735856610,2,0.5
1772735856610,3,0.5
1772735856610,4,0.5
1772735856610,5,0.5
1772735856610,6,0.5
1772735856610,7,0.5
1772735856610,8,0.5
1772735856610,9,0.5
1772735856610,10,0.5
1772735856610,11,0.5
1772735856610,12,0.5
1772735856610,13,0.5
1772735856610,14,0.5
1772735856610,15,0.5
1772735856610,16,0.5
1772735856610,17,0.5
1772735856610,18,0.5
1772735856610,19,0.5
1772735856610,20,0.5
1772735856610,21,0.5
1772735856610,22,0.5
1772735856610,23,0.5
1772735856610,24,0.5
1772735856610,25,0.5
1772735856610,26,0.5
1772735856610,27,0.5
1772735856610,28,0.5
1772735856610,29,0.5
1772735856610,30,0.5
1772735856710,1,0.5
1772735856710,2,0.5
1772735856710,3,0.5
1772735856710,4,0.5
1772735856710,5,0.5
1772735856710,6,0.5
1772735856710,7,0.5
1772735856710,8,0.5
1772735856710,9,0.5
1772735856710,10,0.5
1772735856710,11,0.5
1772735856710,12,0.5
1772735856710,13,0.5
1772735856710,14,0.5
1772735856710,15,0.5
1772735856710,16,0.5
1772735856710,17,0.5
1772735856710,18,0.5
1772735856710,19,0.5
1772735856710,20,0.5
1772735856710,21,0.5
1772735856710,22,0.5
1772735856710,23,0.5
1772735856710,24,0.5
1772735856710,25,0.5
1772735856710,26,0.5
1772735856710,27,0.5
1772735856710,28,0.5
1772735856710,29,0.5
1772735856710,30,0.5
1772735856810,1,0.5
1772735856810,2,0.5
1772735856810,3,0.5
1772735856810,4,0.5
1772735856810,5,0.5
1772735856810,6,0.5
1772735856810,7,0.5
1772735856810,8,0.5
1772735856810,9,0.5
1772735856810,10,0.5
1772735856810,11,0.5
1772735856810,12,0.5
1772735856810,13,0.5
1772735856810,14,0.5
1772735856810,15,0.5
1772735856810,16,0.5
1772735856810,17,0.5
1772735856810,18,0.5
1772735856810,19,0.5
1772735856810,20,0.5
1772735856810,21,0.5
1772735856810,22,0.5
1772735856810,23,0.5
1772735856810,24,0.5
1772735856810,25,0.5
1772735856810,26,0.5
1772735856810,27,0.5
1772735856810,28,0.5
1772735856810,29,0.5
1772735856810,30,0.5
1772735856910,1,0.5
1772735856910,2,0.5
1772735856910,3,0.5
1772735856910,4,0.5
1772735856910,5,0.5
1772735856910,6,0.5
1772735856910,7,0.5
1772735856910,8,0.5
1772735856910,9,0.5
1772735856910,10,0.5
1772735856910,11,0.5
1772735856910,12,0.5
1772735856910,13,0.5
1772735856910,14,0.5
1772735856910,15,0.5
1772735856910,16,0.5
1772735856910,17,0.5
1772735856910,18,0.5
1772735856910,19,0.5
1772735856910,20,0.5
1772735856910,21,0.5
1772735856910,22,0.5
1772735856910,23,0.5
1772735856910,24,0.5
1772735856910,25,0.5
1772735856910,26,0.5
1772735856910,27,0.5
1772735856910,28,0.5
1772735856910,29,0.5
1772735856910,30,0.5
1772735857010,1,0.5
1772735857010,2,0.5
1772735857010,3,0.5
1772735857010,4,0.5
1772735857010,5,0.5
1772735857010,6,0.5
1772735857010,7,0.5
1772735857010,8,0.5
1772735857010,9,0.5
1772735857010,10,0.5
1772735857010,11,0.5
1772735857010,12,0.5
1772735857010,13,0.5
1772735857010,14,0.5
1772735857010,15,0.5
1772735857010,16,0.5
1772735857010,17,0.5
1772735857010,18,0.5
1772735857010,19,0.5
1772735857010,20,0.5
1772735857010,21,0.5
1772735857010,22,0.5
1772735857010,23,0.5
1772735857010,24,0.5
1772735857010,25,0.5
1772735857010,26,0.5
1772735857010,27,0.5
1772735857010,28,0.5
1772735857010,29,0.5
1772735857010,30,0.5
1772735857110,1,0.5
1772735857110,2,0.5
1772735857110,3,0.5
1772735857110,4,0.5
1772735857110,5,0.5
1772735857110,6,0.5
1772735857110,7,0.5
1772735857110,8,0.5
1772735857110,9,0.5
1772735857110,10,0.5
1772735857110,11,0.5
1772735857110,12,0.5
1772735857110,13,0.5
1772735857110,14,0.5
1772735857110,15,0.5
1772735857110,16,0.5
1772735857110,17,0.5
1772735857110,18,0.5
1772735857110,19,0.5
1772735857110,20,0.5
1772735857110,21,0.5
1772735857110,22,0.5
1772735857110,23,0.5
1772735857110,24,0.5
1772735857110,25,0.5
1772735857110,26,0.5
1772735857110,27,0.5
1772735857110,28,0.5
1772735857110,29,0.5
1772735857110,30,0.5
1772735857210,1,0.5
1772735857210,2,0.5
1772735857210,3,0.5
1772735857210,4,0.5
1772735857210,5,0.5
1772735857210,6,0.5
1772735857210,7,0.5
1772735857210,8,0.5
1772735857210,9,0.5
1772735857210,10,0.5
1772735857210,11,0.5
1772735857210,12,0.5
1772735857210,13,0.5
1772735857210,14,0.5
1772735857210,15,0.5
1772735857210,16,0.5
1772735857210,17,0.5
1772735857210,18,0.5
1772735857210,19,0.5
1772735857210,20,0.5
1772735857210,21,0.5
1772735857210,22,0.5
1772735857210,23,0.5
1772735857210,24,0.5
1772735857210,25,0.5
1772735857210,26,0.5
1772735857210,27,0.5
1772735857210,28,0.5
1772735857210,29,0.5
1772735857210,30,0.5
1772735857310,1,0.5
1772735857310,2,0.5
1772735857310,3,0.5
1772735857310,4,0.5
1772735857310,5,0.5
1772735857310,6,0.5
1772735857310,7,0.5
1772735857310,8,0.5
1772735857310,9,0.5
1772735857310,10,0.5
1772735857310,11,0.5
1772735857310,12,0.5
1772735857310,13,0.5
1772735857310,14,0.5
1772735857310,15,0.5
1772735857310,16,0.5
1772735857310,17,0.5
1772735857310,18,0.5
1772735857310,19,0.5
1772735857310,20,0.5
1772735857310,21,0.5
1772735857310,22,0.5
1772735857310,23,0.5
1772735857310,24,0.5
1772735857310,25,0.5
1772735857310,26,0.5
1772735857310,27,0.5
1772735857310,28,0.5
1772735857310,29,0.5
1772735857310,30,0.5
1772735857410,1,0.5
1772735857410,2,0.5
1772735857410,3,0.5
1772735857410,4,0.5
1772735857410,5,0.5
1772735857410,6,0.5
1772735857410,7,0.5
1772735857410,8,0.5
1772735857410,9,0.5
1772735857410,10,0.5
1772735857410,11,0.5
1772735857410,12,0.5
1772735857410,13,0.5
1772735857410,14,0.5
1772735857410,15,0.5
1772735857410,16,0.5
1772735857410,17,0.5
1772735857410,18,0.5
1772735857410,19,0.5
1772735857410,20,0.5
1772735857410,21,0.5
1772735857410,22,0.5
1772735857410,23,0.5
1772735857410,24,0.5
1772735857410,25,0.5
1772735857410,26,0.5
1772735857410,27,0.5
1772735857410,28,0.5
1772735857410,29,0.5
1772735857410,30,0.5
1772735857510,1,0.5
1772735857510,2,0.5
1772735857510,3,0.5
1772735857510,4,0.5
1772735857510,5,0.5
1772735857510,6,0.5
1772735857510,7,0.5
1772735857510,8,0.5
1772735857510,9,0.5
1772735857510,10,0.5
1772735857510,11,0.5
1772735857510,12,0.5
1772735857510,13,0.5
1772735857510,14,0.5
1772735857510,15,0.5
1772735857510,16,0.5
1772735857510,17,0.5
1772735857510,18,0.5
1772735857510,19,0.5
1772735857510,20,0.5
1772735857510,21,0.5
1772735857510,22,0.5
1772735857510,23,0.5
1772735857510,24,0.5
1772735857510,25,0.5
1772735857510,26,0.5
1772735857510,27,0.5
1772735857510,28,0.5
1772735857510,29,0.5
1772735857510,30,0.5
1772735857610,1,0.5
1772735857610,2,0.5
1772735857610,3,0.5
1772735857610,4,0.5
1772735857610,5,0.5
1772735857610,6,0.5
1772735857610,7,0.5
1772735857610,8,0.5
1772735857610,9,0.5
1772735857610,10,0.5
1772735857610,11,0.5
1772735857610,12,0.5
1772735857610,13,0.5
1772735857610,14,0.5
1772735857610,15,0.5
1772735857610,16,0.5
1772735857610,17,0.5
1772735857610,18,0.5
1772735857610,19,0.5
1772735857610,20,0.5
1772735857610,21,0.5
1772735857610,22,0.5
1772735857610,23,0.5
1772735857610,24,0.5
1772735857610,25,0.5
1772735857610,26,0.5
1772735857610,27,0.5
1772735857610,28,0.5
1772735857610,29,0.5
1772735857610,30,0.5
1772735857710,1,0.5
1772735857710,2,0.5
1772735857710,3,0.5
1772735857710,4,0.5
1772735857710,5,0.5
1772735857710,6,0.5
1772735857710,7,0.5
1772735857710,8,0.5
1772735857710,9,0.5
1772735857710,10,0.5
1772735857710,11,0.5
1772735857710,12,0.5
1772735857710,13,0.5
1772735857710,14,0.5
1772735857710,15,0.5
1772735857710,16,0.5
1772735857710,17,0.5
1772735857710,18,0.5
1772735857710,19,0.5
1772735857710,20,0.5
1772735857710,21,0.5
1772735857710,22,0.5
1772735857710,23,0.5
1772735857710,24,0.5
1772735857710,25,0.5
1772735857710,26,0.5
1772735857710,27,0.5
1772735857710,28,0.5
1772735857710,29,0.5
1772735857710,30,0.5
1772735857810,1,0.5
1772735857810,2,0.5
1772735857810,3,0.5
1772735857810,4,0.5
1772735857810,5,0.5
1772735857810,6,0.5
1772735857810,7,0.5
1772735857810,8,0.5
1772735857810,9,0.5
1772735857810,10,0.5
1772735857810,11,0.5
1772735857810,12,0.5
1772735857810,13,0.5
1772735857810,14,0.5
1772735857810,15,0.5
1772735857810,16,0.5
1772735857810,17,0.5
1772735857810,18,0.5
1772735857810,19,0.5
1772735857810,20,0.5
1772735857810,21,0.5
1772735857810,22,0.5
1772735857810,23,0.5
1772735857810,24,0.5
1772735857810,25,0.5
1772735857810,26,0.5
1772735857810,27,0.5
1772735857810,28,0.5
1772735857810,29,0.5
1772735857810,30,0.5
1772735857910,1,0.5
1772735857910,2,0.5
1772735857910,3,0.5
1772735857910,4,0.5
1772735857910,5,0.5
1772735857910,6,0.5
1772735857910,7,0.5
1772735857910,8,0.5
1772735857910,9,0.5
1772735857910,10,0.5
1772735857910,11,0.5
1772735857910,12,0.5
1772735857910,13,0.5
1772735857910,14,0.5
1772735857910,15,0.5
1772735857910,16,0.5
1772735857910,17,0.5
1772735857910,18,0.5
1772735857910,19,0.5
1772735857910,20,0.5
1772735857910,21,0.5
1772735857910,22,0.5
1772735857910,23,0.5
1772735857910,24,0.5
1772735857910,25,0.5
1772735857910,26,0.5
1772735857910,27,0.5
1772735857910,28,0.5
1772735857910,29,0.5
1772735857910,30,0.5
1772735858010,1,0.5
1772735858010,2,0.5
1772735858010,3,0.5
1772735858010,4,0.5
1772735858010,5,0.5
1772735858010,6,0.5
1772735858010,7,0.5
1772735858010,8,0.5
1772735858010,9,0.5
1772735858010,10,0.5
1772735858010,11,0.5
1772735858010,12,0.5
1772735858010,13,0.5
1772735858010,14,0.5
1772735858010,15,0.5
1772735858010,16,0.5
1772735858010,17,0.5
1772735858010,18,0.5
1772735858010,19,0.5
1772735858010,20,0.5
1772735858010,21,0.5
1772735858010,22,0.5
1772735858010,23,0.5
1772735858010,24,0.5
1772735858010,25,0.5
1772735858010,26,0.5
1772735858010,27,0.5
1772735858010,28,0.5
1772735858010,29,0.5
1772735858010,30,0.5
1772735858110,1,0.5
1772735858110,2,0.5
1772735858110,3,0.5
1772735858110,4,0.5
1772735858110,5,0.5
1772735858110,6,0.5
1772735858110,7,0.5
1772735858110,8,0.5
1772735858110,9,0.5
1772735858110,10,0.5
1772735858110,11,0.5
1772735858110,12,0.5
1772735858110,13,0.5
1772735858110,14,0.5
1772735858110,15,0.5
1772735858110,16,0.5
1772735858110,17,0.5
1772735858110,18,0.5
1772735858110,19,0.5
1772735858110,20,0.5
1772735858110,21,0.5
1772735858110,22,0.5
1772735858110,23,0.5
1772735858110,24,0.5
1772735858110,25,0.5
1772735858110,26,0.5
1772735858110,27,0.5
1772735858110,28,0.5
1772735858110,29,0.5
1772735858110,30,0.5
1772735858210,1,0.5
1772735858210,2,0.5
1772735858210,3,0.5
1772735858210,4,0.5
1772735858210,5,0.5
1772735858210,6,0.5
1772735858210,7,0.5
1772735858210,8,0.5
1772735858210,9,0.5
1772735858210,10,0.5
1772735858210,11,0.5
1772735858210,12,0.5
1772735858210,13,0.5
1772735858210,14,0.5
1772735858210,15,0.5
1772735858210,16,0.5
1772735858210,17,0.5
1772735858210,18,0.5
1772735858210,19,0.5
1772735858210,20,0.5
1772735858210,21,0.5
1772735858210,22,0.5
1772735858210,23,0.5
1772735858210,24,0.5
1772735858210,25,0.5
1772735858210,26,0.5
1772735858210,27,0.5
1772735858210,28,0.5
1772735858210,29,0.5
1772735858210,30,0.5
1772735858310,1,0.5
1772735858310,2,0.5
1772735858310,3,0.5
1772735858310,4,0.5
1772735858310,5,0.5
1772735858310,6,0.5
1772735858310,7,0.5
1772735858310,8,0.5
1772735858310,9,0.5
1772735858310,10,0.5
1772735858310,11,0.5
1772735858310,12,0.5
1772735858310,13,0.5
1772735858310,14,0.5
1772735858310,15,0.5
1772735858310,16,0.5
1772735858310,17,0.5
1772735858310,18,0.5
1772735858310,19,0.5
1772735858310,20,0.5
1772735858310,21,0.5
1772735858310,22,0.5
1772735858310,23,0.5
1772735858310,24,0.5
1772735858310,25,0.5
1772735858310,26,0.5
1772735858310,27,0.5
1772735858310,28,0.5
1772735858310,29,0.5
1772735858310,30,0.5
1772735858410,1,0.5
1772735858410,2,0.5
1772735858410,3,0.5
1772735858410,4,0.5
1772735858410,5,0.5
1772735858410,6,0.5
1772735858410,7,0.5
1772735858410,8,0.5
1772735858410,9,0.5
1772735858410,10,0.5
1772735858410,11,0.5
1772735858410,12,0.5
1772735858410,13,0.5
1772735858410,14,0.5
1772735858410,15,0.5
1772735858410,16,0.5
1772735858410,17,0.5
1772735858410,18,0.5
1772735858410,19,0.5
1772735858410,20,0.5
1772735858410,21,0.5
1772735858410,22,0.5
1772735858410,23,0.5
1772735858410,24,0.5
1772735858410,25,0.5
1772735858410,26,0.5
1772735858410,27,0.5
1772735858410,28,0.5
1772735858410,29,0.5
1772735858410,30,0.5
1772735858510,1,0.5
1772735858510,2,0.5
1772735858510,3,0.5
1772735858510,4,0.5
1772735858510,5,0.5
1772735858510,6,0.5
1772735858510,7,0.5
1772735858510,8,0.5
1772735858510,9,0.5
1772735858510,10,0.5
1772735858510,11,0.5
1772735858510,12,0.5
1772735858510,13,0.5
1772735858510,14,0.5
1772735858510,15,0.5
1772735858510,16,0.5
1772735858510,17,0.5
1772735858510,18,0.5
1772735858510,19,0.5
1772735858510,20,0.5
1772735858510,21,0.5
1772735858510,22,0.5
1772735858510,23,0.5
1772735858510,24,0.5
1772735858510,25,0.5
1772735858510,26,0.5
1772735858510,27,0.5
1772735858510,28,0.5
1772735858510,29,0.5
1772735858510,30,0.5
1772735858610,1,0.5
1772735858610,2,0.5
1772735858610,3,0.5
1772735858610,4,0.5
1772735858610,5,0.5
1772735858610,6,0.5
1772735858610,7,0.5
1772735858610,8,0.5
1772735858610,9,0.5
1772735858610,10,0.5
1772735858610,11,0.5
1772735858610,12,0.5
1772735858610,13,0.5
1772735858610,14,0.5
1772735858610,15,0.5
1772735858610,16,0.5
1772735858610,17,0.5
1772735858610,18,0.5
1772735858610,19,0.5
1772735858610,20,0.5
1772735858610,21,0.5
1772735858610,22,0.5
1772735858610,23,0.5
1772735858610,24,0.5
1772735858610,25,0.5
1772735858610,26,0.5
1772735858610,27,0.5
1772735858610,28,0.5
1772735858610,29,0.5
1772735858610,30,0.5
1772735858710,1,0.5
1772735858710,2,0.5
1772735858710,3,0.5
1772735858710,4,0.5
1772735858710,5,0.5
1772735858710,6,0.5
1772735858710,7,0.5
1772735858710,8,0.5
1772735858710,9,0.5
1772735858710,10,0.5
1772735858710,11,0.5
1772735858710,12,0.5
1772735858710,13,0.5
1772735858710,14,0.5
1772735858710,15,0.5
1772735858710,16,0.5
1772735858710,17,0.5
1772735858710,18,0.5
1772735858710,19,0.5
1772735858710,20,0.5
1772735858710,21,0.5
1772735858710,22,0.5
1772735858710,23,0.5
1772735858710,24,0.5
1772735858710,25,0.5
1772735858710,26,0.5
1772735858710,27,0.5
1772735858710,28,0.5
1772735858710,29,0.5
1772735858710,30,0.5
1772735858810,1,0.5
1772735858810,2,0.5
1772735858810,3,0.5
1772735858810,4,0.5
1772735858810,5,0.5
1772735858810,6,0.5
1772735858810,7,0.5
1772735858810,8,0.5
1772735858810,9,0.5
1772735858810,10,0.5
1772735858810,11,0.5
1772735858810,12,0.5
1772735858810,13,0.5
1772735858810,14,0.5
1772735858810,15,0.5
1772735858810,16,0.5
1772735858810,17,0.5
1772735858810,18,0.5
1772735858810,19,0.5
1772735858810,20,0.5
1772735858810,21,0.5
1772735858810,22,0.5
1772735858810,23,0.5
1772735858810,24,0.5
1772735858810,25,0.5
1772735858810,26,0.5
1772735858810,27,0.5
1772735858810,28,0.5
1772735858810,29,0.5
1772735858810,30,0.5
1772735858910,1,0.5
1772735858910,2,0.5
1772735858910,3,0.5
1772735858910,4,0.5
1772735858910,5,0.5
1772735858910,6,0.5
1772735858910,7,0.5
1772735858910,8,0.5
1772735858910,9,0.5
1772735858910,10,0.5
1772735858910,11,0.5
1772735858910,12,0.5
1772735858910,13,0.5
1772735858910,14,0.5
1772735858910,15,0.5
1772735858910,16,0.5
1772735858910,17,0.5
1772735858910,18,0.5
1772735858910,19,0.5
1772735858910,20,0.5
1772735858910,21,0.5
1772735858910,22,0.5
1772735858910,23,0.5
1772735858910,24,0.5
1772735858910,25,0.5
1772735858910,26,0.5
1772735858910,27,0.5
1772735858910,28,0.5
1772735858910,29,0.5
1772735858910,30,0.5
1772735859010,1,0.5
1772735859010,2,0.5
1772735859010,3,0.5
1772735859010,4,0.5
1772735859010,5,0.5
1772735859010,6,0.5
1772735859010,7,0.5
1772735859010,8,0.5
1772735859010,9,0.5
1772735859010,10,0.5
1772735859010,11,0.5
1772735859010,12,0.5
1772735859010,13,0.5
1772735859010,14,0.5
1772735859010,15,0.5
1772735859010,16,0.5
1772735859010,17,0.5
1772735859010,18,0.5
1772735859010,19,0.5
1772735859010,20,0.5
1772735859010,21,0.5
1772735859010,22,0.5
1772735859010,23,0.5
1772735859010,24,0.5
1772735859010,25,0.5
1772735859010,26,0.5
1772735859010,27,0.5
1772735859010,28,0.5
1772735859010,29,0.5
1772735859010,30,0.5
1772735859110,1,0.5
1772735859110,2,0.5
1772735859110,3,0.5
1772735859110,4,0.5
1772735859110,5,0.5
1772735859110,6,0.5
1772735859110,7,0.5
1772735859110,8,0.5
1772735859110,9,0.5
1772735859110,10,0.5
1772735859110,11,0.5
1772735859110,12,0.5
1772735859110,13,0.5
1772735859110,14,0.5
1772735859110,15,0.5
1772735859110,16,0.5
1772735859110,17,0.5
1772735859110,18,0.5
1772735859110,19,0.5
1772735859110,20,0.5
1772735859110,21,0.5
1772735859110,22,0.5
1772735859110,23,0.5
1772735859110,24,0.5
1772735859110,25,0.5
1772735859110,26,0.5
1772735859110,27,0.5
1772735859110,28,0.5
1772735859110,29,0.5
1772735859110,30,0.5
1772735859210,1,0.5
1772735859210,2,0.5
1772735859210,3,0.5
1772735859210,4,0.5
1772735859210,5,0.5
1772735859210,6,0.5
1772735859210,7,0.5
1772735859210,8,0.5
1772735859210,9,0.5
1772735859210,10,0.5
1772735859210,11,0.5
1772735859210,12,0.5
1772735859210,13,0.5
1772735859210,14,0.5
1772735859210,15,0.5
1772735859210,16,0.5
1772735859210,17,0.5
1772735859210,18,0.5
1772735859210,19,0.5
1772735859210,20,0.5
1772735859210,21,0.5
1772735859210,22,0.5
1772735859210,23,0.5
1772735859210,24,0.5
1772735859210,25,0.5
1772735859210,26,0.5
1772735859210,27,0.5
1772735859210,28,0.5
1772735859210,29,0.5
1772735859210,30,0.5
1772735859310,1,0.5
1772735859310,2,0.5
1772735859310,3,0.5
1772735859310,4,0.5
1772735859310,5,0.5
1772735859310,6,0.5
1772735859310,7,0.5
1772735859310,8,0.5
1772735859310,9,0.5
1772735859310,10,0.5
1772735859310,11,0.5
1772735859310,12,0.5
1772735859310,13,0.5
1772735859310,14,0.5
1772735859310,15,0.5
1772735859310,16,0.5
1772735859310,17,0.5
1772735859310,18,0.5
1772735859310,19,0.5
1772735859310,20,0.5
1772735859310,21,0.5
1772735859310,22,0.5
1772735859310,23,0.5
1772735859310,24,0.5
1772735859310,25,0.5
1772735859310,26,0.5
1772735859310,27,0.5
1772735859310,28,0.5
1772735859310,29,0.5
1772735859310,30,0.5
1772735859410,1,0.5
1772735859410,2,0.5
1772735859410,3,0.5
1772735859410,4,0.5
1772735859410,5,0.5
1772735859410,6,0.5
1772735859410,7,0.5
1772735859410,8,0.5
1772735859410,9,0.5
1772735859410,10,0.5
1772735859410,11,0.5
1772735859410,12,0.5
1772735859410,13,0.5
1772735859410,14,0.5
1772735859410,15,0.5
1772735859410,16,0.5
1772735859410,17,0.5
1772735859410,18,0.5
1772735859410,19,0.5
1772735859410,20,0.5
1772735859410,21,0.5
1772735859410,22,0.5
1772735859410,23,0.5
1772735859410,24,0.5
1772735859410,25,0.5
1772735859410,26,0.5
1772735859410,27,0.5
1772735859410,28,0.5
1772735859410,29,0.5
1772735859410,30,0.5
1772735859510,1,0.5
1772735859510,2,0.5
1772735859510,3,0.5
1772735859510,4,0.5
1772735859510,5,0.5
1772735859510,6,0.5
1772735859510,7,0.5
1772735859510,8,0.5
1772735859510,9,0.5
1772735859510,10,0.5
1772735859510,11,0.5
1772735859510,12,0.5
1772735859510,13,0.5
1772735859510,14,0.5
1772735859510,15,0.5
1772735859510,16,0.5
1772735859510,17,0.5
1772735859510,18,0.5
1772735859510,19,0.5
1772735859510,20,0.5
1772735859510,21,0.5
1772735859510,22,0.5
1772735859510,23,0.5
1772735859510,24,0.5
1772735859510,25,0.5
1772735859510,26,0.5
1772735859510,27,0.5
1772735859510,28,0.5
1772735859510,29,0.5
1772735859510,30,0.5
1772735859610,1,0.5
1772735859610,2,0.5
1772735859610,3,0.5
1772735859610,4,0.5
1772735859610,5,0.5
1772735859610,6,0.5
1772735859610,7,0.5
1772735859610,8,0.5
1772735859610,9,0.5
1772735859610,10,0.5
1772735859610,11,0.5
1772735859610,12,0.5
1772735859610,13,0.5
1772735859610,14,0.5
1772735859610,15,0.5
1772735859610,16,0.5
1772735859610,17,0.5
1772735859610,18,0.5
1772735859610,19,0.5
1772735859610,20,0.5
1772735859610,21,0.5
1772735859610,22,0.5
1772735859610,23,0.5
1772735859610,24,0.5
1772735859610,25,0.5
1772735859610,26,0.5
1772735859610,27,0.5
1772735859610,28,0.5
1772735859610,29,0.5
1772735859610,30,0.5
1772735859710,1,0.5
1772735859710,2,0.5
1772735859710,3,0.5
1772735859710,4,0.5
1772735859710,5,0.5
1772735859710,6,0.5
1772735859710,7,0.5
1772735859710,8,0.5
1772735859710,9,0.5
1772735859710,10,0.5
1772735859710,11,0.5
1772735859710,12,0.5
1772735859710,13,0.5
1772735859710,14,0.5
1772735859710,15,0.5
1772735859710,16,0.5
1772735859710,17,0.5
1772735859710,18,0.5
1772735859710,19,0.5
1772735859710,20,0.5
1772735859710,21,0.5
1772735859710,22,0.5
1772735859710,23,0.5
1772735859710,24,0.5
1772735859710,25,0.5
1772735859710,26,0.5
1772735859710,27,0.5
1772735859710,28,0.5
1772735859710,29,0.5
1772735859710,30,0.5
1772735859810,1,0.5
1772735859810,2,0.5
1772735859810,3,0.5
1772735859810,4,0.5
1772735859810,5,0.5
1772735859810,6,0.5
1772735859810,7,0.5
1772735859810,8,0.5
1772735859810,9,0.5
1772735859810,10,0.5
1772735859810,11,0.5
1772735859810,12,0.5
1772735859810,13,0.5
1772735859810,14,0.5
1772735859810,15,0.5
1772735859810,16,0.5
1772735859810,17,0.5
1772735859810,18,0.5
1772735859810,19,0.5
1772735859810,20,0.5
1772735859810,21,0.5
1772735859810,22,0.5
1772735859810,23,0.5
1772735859810,24,0.5
1772735859810,25,0.5
1772735859810,26,0.5
1772735859810,27,0.5
1772735859810,28,0.5
1772735859810,29,0.5
1772735859810,30,0.5
1772735859910,1,0.5
1772735859910,2,0.5
1772735859910,3,0.5
1772735859910,4,0.5
1772735859910,5,0.5
1772735859910,6,0.5
1772735859910,7,0.5
1772735859910,8,0.5
1772735859910,9,0.5
1772735859910,10,0.5
1772735859910,11,0.5
1772735859910,12,0.5
1772735859910,13,0.5
1772735859910,14,0.5
1772735859910,15,0.5
1772735859910,16,0.5
1772735859910,17,0.5
1772735859910,18,0.5
1772735859910,19,0.5
1772735859910,20,0.5
1772735859910,21,0.5
1772735859910,22,0.5
1772735859910,23,0.5
1772735859910,24,0.5
1772735859910,25,0.5
1772735859910,26,0.5
1772735859910,27,0.5
1772735859910,28,0.5
1772735859910,29,0.5
1772735859910,30,0.5
1772735860010,1,0.5
1772735860010,2,0.5
1772735860010,3,0.5
1772735860010,4,0.5
1772735860010,5,0.5
1772735860010,6,0.5
1772735860010,7,0.5
1772735860010,8,0.5
1772735860010,9,0.5
1772735860010,10,0.5
1772735860010,11,0.5
1772735860010,12,0.5
1772735860010,13,0.5
1772735860010,14,0.5
1772735860010,15,0.5
1772735860010,16,0.5
1772735860010,17,0.5
1772735860010,18,0.5
1772735860010,19,0.5
1772735860010,20,0.5
1772735860010,21,0.5
1772735860010,22,0.5
1772735860010,23,0.5
1772735860010,24,0.5
1772735860010,25,0.5
1772735860010,26,0.5
1772735860010,27,0.5
1772735860010,28,0.5
1772735860010,29,0.5
1772735860010,30,0.5
1772735860110,1,0.5
1772735860110,2,0.5
1772735860110,3,0.5
1772735860110,4,0.5
1772735860110,5,0.5
1772735860110,6,0.5
1772735860110,7,0.5
1772735860110,8,0.5
1772735860110,9,0.5
1772735860110,10,0.5
1772735860110,11,0.5
1772735860110,12,0.5
1772735860110,13,0.5
1772735860110,14,0.5
1772735860110,15,0.5
1772735860110,16,0.5
1772735860110,17,0.5
1772735860110,18,0.5
1772735860110,19,0.5
1772735860110,20,0.5
1772735860110,21,0.5
1772735860110,22,0.5
1772735860110,23,0.5
1772735860110,24,0.5
1772735860110,25,0.5
1772735860110,26,0.5
1772735860110,27,0.5
1772735860110,28,0.5
1772735860110,29,0.5
1772735860110,30,0.5
1772735860210,1,0.5
1772735860210,2,0.5
1772735860210,3,0.5
1772735860210,4,0.5
1772735860210,5,0.5
1772735860210,6,0.5
1772735860210,7,0.5
1772735860210,8,0.5
1772735860210,9,0.5
1772735860210,10,0.5
1772735860210,11,0.5
1772735860210,12,0.5
1772735860210,13,0.5
1772735860210,14,0.5
1772735860210,15,0.5
1772735860210,16,0.5
1772735860210,17,0.5
1772735860210,18,0.5
1772735860210,19,0.5
1772735860210,20,0.5
1772735860210,21,0.5
1772735860210,22,0.5
1772735860210,23,0.5
1772735860210,24,0.5
1772735860210,25,0.5
1772735860210,26,0.5
1772735860210,27,0.5
1772735860210,28,0.5
1772735860210,29,0.5
1772735860210,30,0.5
1772735860310,1,0.5
1772735860310,2,0.5
1772735860310,3,0.5
1772735860310,4,0.5
1772735860310,5,0.5
1772735860310,6,0.5
1772735860310,7,0.5
1772735860310,8,0.5
1772735860310,9,0.5
1772735860310,10,0.5
1772735860310,11,0.5
1772735860310,12,0.5
1772735860310,13,0.5
1772735860310,14,0.5
1772735860310,15,0.5
1772735860310,16,0.5
1772735860310,17,0.5
1772735860310,18,0.5
1772735860310,19,0.5
1772735860310,20,0.5
1772735860310,21,0.5
1772735860310,22,0.5
1772735860310,23,0.5
1772735860310,24,0.5
1772735860310,25,0.5
1772735860310,26,0.5
1772735860310,27,0.5
1772735860310,28,0.5
1772735860310,29,0.5
1772735860310,30,0.5
1772735860410,1,0.5
1772735860410,2,0.5
1772735860410,3,0.5
1772735860410,4,0.5
1772735860410,5,0.5
1772735860410,6,0.5
1772735860410,7,0.5
1772735860410,8,0.5
1772735860410,9,0.5
1772735860410,10,0.5
1772735860410,11,0.5
1772735860410,12,0.5
1772735860410,13,0.5
1772735860410,14,0.5
1772735860410,15,0.5
1772735860410,16,0.5
1772735860410,17,0.5
1772735860410,18,0.5
1772735860410,19,0.5
1772735860410,20,0.5
1772735860410,21,0.5
1772735860410,22,0.5
1772735860410,23,0.5
1772735860410,24,0.5
1772735860410,25,0.5
1772735860410,26,0.5
1772735860410,27,0.5
1772735860410,28,0.5
1772735860410,29,0.5
1772735860410,30,0.5
1772735860510,1,0.5
1772735860510,2,0.5
1772735860510,3,0.5
1772735860510,4,0.5
1772735860510,5,0.5
1772735860510,6,0.5
1772735860510,7,0.5
1772735860510,8,0.5
1772735860510,9,0.5
1772735860510,10,0.5
1772735860510,11,0.5
1772735860510,12,0.5
1772735860510,13,0.5
1772735860510,14,0.5
1772735860510,15,0.5
1772735860510,16,0.5
1772735860510,17,0.5
1772735860510,18,0.5
1772735860510,19,0.5
1772735860510,20,0.5
1772735860510,21,0.5
1772735860510,22,0.5
1772735860510,23,0.5
1772735860510,24,0.5
1772735860510,25,0.5
1772735860510,26,0.5
1772735860510,27,0.5
1772735860510,28,0.5
1772735860510,29,0.5
1772735860510,30,0.5
1772735860610,1,0.5
1772735860610,2,0.5
1772735860610,3,0.5
1772735860610,4,0.5
1772735860610,5,0.5
1772735860610,6,0.5
1772735860610,7,0.5
1772735860610,8,0.5
1772735860610,9,0.5
1772735860610,10,0.5
1772735860610,11,0.5
1772735860610,12,0.5
1772735860610,13,0.5
1772735860610,14,0.5
1772735860610,15,0.5
1772735860610,16,0.5
1772735860610,17,0.5
1772735860610,18,0.5
1772735860610,19,0.5
1772735860610,20,0.5
1772735860610,21,0.5
1772735860610,22,0.5
1772735860610,23,0.5
1772735860610,24,0.5
1772735860610,25,0.5
1772735860610,26,0.5
1772735860610,27,0.5
1772735860610,28,0.5
1772735860610,29,0.5
1772735860610,30,0.5
1772735860710,1,0.5
1772735860710,2,0.5
1772735860710,3,0.5
1772735860710,4,0.5
1772735860710,5,0.5
1772735860710,6,0.5
1772735860710,7,0.5
1772735860710,8,0.5
1772735860710,9,0.5
1772735860710,10,0.5
1772735860710,11,0.5
1772735860710,12,0.5
1772735860710,13,0.5
1772735860710,14,0.5
1772735860710,15,0.5
1772735860710,16,0.5
1772735860710,17,0.5
1772735860710,18,0.5
1772735860710,19,0.5
1772735860710,20,0.5
1772735860710,21,0.5
1772735860710,22,0.5
1772735860710,23,0.5
1772735860710,24,0.5
1772735860710,25,0.5
1772735860710,26,0.5
1772735860710,27,0.5
1772735860710,28,0.5
1772735860710,29,0.5
1772735860710,30,0.5
1772735860810,1,0.5
1772735860810,2,0.5
1772735860810,3,0.5
1772735860810,4,0.5
1772735860810,5,0.5
1772735860810,6,0.5
1772735860810,7,0.5
1772735860810,8,0.5
1772735860810,9,0.5
1772735860810,10,0.5
1772735860810,11,0.5
1772735860810,12,0.5
1772735860810,13,0.5
1772735860810,14,0.5
1772735860810,15,0.5
1772735860810,16,0.5
1772735860810,17,0.5
1772735860810,18,0.5
1772735860810,19,0.5
1772735860810,20,0.5
1772735860810,21,0.5
1772735860810,22,0.5
1772735860810,23,0.5
1772735860810,24,0.5
1772735860810,25,0.5
1772735860810,26,0.5
1772735860810,27,0.5
1772735860810,28,0.5
1772735860810,29,0.5
1772735860810,30,0.5
1772735860910,1,0.5
1772735860910,2,0.5
1772735860910,3,0.5
1772735860910,4,0.5
1772735860910,5,0.5
1772735860910,6,0.5
1772735860910,7,0.5
1772735860910,8,0.5
1772735860910,9,0.5
1772735860910,10,0.5
1772735860910,11,0.5
1772735860910,12,0.5
1772735860910,13,0.5
1772735860910,14,0.5
1772735860910,15,0.5
1772735860910,16,0.5
1772735860910,17,0.5
1772735860910,18,0.5
1772735860910,19,0.5
1772735860910,20,0.5
1772735860910,21,0.5
1772735860910,22,0.5
1772735860910,23,0.5
1772735860910,24,0.5
1772735860910,25,0.5
1772735860910,26,0.5
1772735860910,27,0.5
1772735860910,28,0.5
1772735860910,29,0.5
1772735860910,30,0.5
1772735861010,1,0.5
1772735861010,2,0.5
1772735861010,3,0.5
1772735861010,4,0.5
1772735861010,5,0.5
1772735861010,6,0.5
1772735861010,7,0.5
1772735861010,8,0.5
1772735861010,9,0.5
1772735861010,10,0.5
1772735861010,11,0.5
1772735861010,12,0.5
1772735861010,13,0.5
1772735861010,14,0.5
1772735861010,15,0.5
1772735861010,16,0.5
1772735861010,17,0.5
1772735861010,18,0.5
1772735861010,19,0.5
1772735861010,20,0.5
1772735861010,21,0.5
1772735861010,22,0.5
1772735861010,23,0.5
1772735861010,24,0.5
1772735861010,25,0.5
1772735861010,26,0.5
1772735861010,27,0.5
1772735861010,28,0.5
1772735861010,29,0.5
1772735861010,30,0.5
1772735861110,1,0.5
1772735861110,2,0.5
1772735861110,3,0.5
1772735861110,4,0.5
1772735861110,5,0.5
1772735861110,6,0.5
1772735861110,7,0.5
1772735861110,8,0.5
1772735861110,9,0.5
1772735861110,10,0.5
1772735861110,11,0.5
1772735861110,12,0.5
1772735861110,13,0.5
1772735861110,14,0.5
1772735861110,15,0.5
1772735861110,16,0.5
1772735861110,17,0.5
1772735861110,18,0.5
1772735861110,19,0.5
1772735861110,20,0.5
1772735861110,21,0.5
1772735861110,22,0.5
1772735861110,23,0.5
1772735861110,24,0.5
1772735861110,25,0.5
1772735861110,26,0.5
1772735861110,27,0.5
1772735861110,28,0.5
1772735861110,29,0.5
1772735861110,30,0.5
1772735861210,1,0.5
1772735861210,2,0.5
1772735861210,3,0.5
1772735861210,4,0.5
1772735861210,5,0.5
1772735861210,6,0.5
1772735861210,7,0.5
1772735861210,8,0.5
1772735861210,9,0.5
1772735861210,10,0.5
1772735861210,11,0.5
1772735861210,12,0.5
1772735861210,13,0.5
1772735861210,14,0.5
1772735861210,15,0.5
1772735861210,16,0.5
1772735861210,17,0.5
1772735861210,18,0.5
1772735861210,19,0.5
1772735861210,20,0.5
1772735861210,21,0.5
1772735861210,22,0.5
1772735861210,23,0.5
1772735861210,24,0.5
1772735861210,25,0.5
1772735861210,26,0.5
1772735861210,27,0.5
1772735861210,28,0.5
1772735861210,29,0.5
1772735861210,30,0.5
1772735861310,1,0.5
1772735861310,2,0.5
1772735861310,3,0.5
1772735861310,4,0.5
1772735861310,5,0.5
1772735861310,6,0.5
1772735861310,7,0.5
1772735861310,8,0.5
1772735861310,9,0.5
1772735861310,10,0.5
1772735861310,11,0.5
1772735861310,12,0.5
1772735861310,13,0.5
1772735861310,14,0.5
1772735861310,15,0.5
1772735861310,16,0.5
1772735861310,17,0.5
1772735861310,18,0.5
1772735861310,19,0.5
1772735861310,20,0.5
1772735861310,21,0.5
1772735861310,22,0.5
1772735861310,23,0.5
1772735861310,24,0.5
1772735861310,25,0.5
1772735861310,26,0.5
1772735861310,27,0.5
1772735861310,28,0.5
1772735861310,29,0.5
1772735861310,30,0.5
1772735861410,1,0.5
1772735861410,2,0.5
1772735861410,3,0.5
1772735861410,4,0.5
1772735861410,5,0.5
1772735861410,6,0.5
1772735861410,7,0.5
1772735861410,8,0.5
1772735861410,9,0.5
1772735861410,10,0.5
1772735861410,11,0.5
1772735861410,12,0.5
1772735861410,13,0.5
1772735861410,14,0.5
1772735861410,15,0.5
1772735861410,16,0.5
1772735861410,17,0.5
1772735861410,18,0.5
1772735861410,19,0.5
1772735861410,20,0.5
1772735861410,21,0.5
1772735861410,22,0.5
1772735861410,23,0.5
1772735861410,24,0.5
1772735861410,25,0.5
1772735861410,26,0.5
1772735861410,27,0.5
1772735861410,28,0.5
1772735861410,29,0.5
1772735861410,30,0.5
1772735861510,1,0.5
1772735861510,2,0.5
1772735861510,3,0.5
1772735861510,4,0.5
1772735861510,5,0.5
1772735861510,6,0.5
1772735861510,7,0.5
1772735861510,8,0.5
1772735861510,9,0.5
1772735861510,10,0.5
1772735861510,11,0.5
1772735861510,12,0.5
1772735861510,13,0.5
1772735861510,14,0.5
1772735861510,15,0.5
1772735861510,16,0.5
1772735861510,17,0.5
1772735861510,18,0.5
1772735861510,19,0.5
1772735861510,20,0.5
1772735861510,21,0.5
1772735861510,22,0.5
1772735861510,23,0.5
1772735861510,24,0.5
1772735861510,25,0.5
1772735861510,26,0.5
1772735861510,27,0.5
1772735861510,28,0.5
1772735861510,29,0.5
1772735861510,30,0.5
1772735861610,1,0.5
1772735861610,2,0.5
1772735861610,3,0.5
1772735861610,4,0.5
1772735861610,5,0.5
1772735861610,6,0.5
1772735861610,7,0.5
1772735861610,8,0.5
1772735861610,9,0.5
1772735861610,10,0.5
1772735861610,11,0.5
1772735861610,12,0.5
1772735861610,13,0.5
1772735861610,14,0.5
1772735861610,15,0.5
1772735861610,16,0.5
1772735861610,17,0.5
1772735861610,18,0.5
1772735861610,19,0.5
1772735861610,20,0.5
1772735861610,21,0.5
1772735861610,22,0.5
1772735861610,23,0.5
1772735861610,24,0.5
1772735861610,25,0.5
1772735861610,26,0.5
1772735861610,27,0.5
1772735861610,28,0.5
1772735861610,29,0.5
1772735861610,30,0.5
1772735861710,1,0.5
1772735861710,2,0.5
1772735861710,3,0.5
1772735861710,4,0.5
1772735861710,5,0.5
1772735861710,6,0.5
1772735861710,7,0.5
1772735861710,8,0.5
1772735861710,9,0.5
1772735861710,10,0.5
1772735861710,11,0.5
1772735861710,12,0.5
1772735861710,13,0.5
1772735861710,14,0.5
1772735861710,15,0.5
1772735861710,16,0.5
1772735861710,17,0.5
1772735861710,18,0.5
1772735861710,19,0.5
1772735861710,20,0.5
1772735861710,21,0.5
1772735861710,22,0.5
1772735861710,23,0.5
1772735861710,24,0.5
1772735861710,25,0.5
1772735861710,26,0.5
1772735861710,27,0.5
1772735861710,28,0.5
1772735861710,29,0.5
1772735861710,30,0.5
1772735861810,1,0.5
1772735861810,2,0.5
1772735861810,3,0.5
1772735861810,4,0.5
1772735861810,5,0.5
1772735861810,6,0.5
1772735861810,7,0.5
1772735861810,8,0.5
1772735861810,9,0.5
1772735861810,10,0.5
1772735861810,11,0.5
1772735861810,12,0.5
1772735861810,13,0.5
1772735861810,14,0.5
1772735861810,15,0.5
1772735861810,16,0.5
1772735861810,17,0.5
1772735861810,18,0.5
1772735861810,19,0.5
1772735861810,20,0.5
1772735861810,21,0.5
1772735861810,22,0.5
1772735861810,23,0.5
1772735861810,24,0.5
1772735861810,25,0.5
1772735861810,26,0.5
1772735861810,27,0.5
1772735861810,28,0.5
1772735861810,29,0.5
1772735861810,30,0.5
1772735861910,1,0.5
1772735861910,2,0.5
1772735861910,3,0.5
1772735861910,4,0.5
1772735861910,5,0.5
1772735861910,6,0.5
1772735861910,7,0.5
1772735861910,8,0.5
1772735861910,9,0.5
1772735861910,10,0.5
1772735861910,11,0.5
1772735861910,12,0.5
1772735861910,13,0.5
1772735861910,14,0.5
1772735861910,15,0.5
1772735861910,16,0.5
1772735861910,17,0.5
1772735861910,18,0.5
1772735861910,19,0.5
1772735861910,20,0.5
1772735861910,21,0.5
1772735861910,22,0.5
1772735861910,23,0.5
1772735861910,24,0.5
1772735861910,25,0.5
1772735861910,26,0.5
1772735861910,27,0.5
1772735861910,28,0.5
1772735861910,29,0.5
1772735861910,30,0.5
1772735862010,1,0.5
1772735862010,2,0.5
1772735862010,3,0.5
1772735862010,4,0.5
1772735862010,5,0.5
1772735862010,6,0.5
1772735862010,7,0.5
1772735862010,8,0.5
1772735862010,9,0.5
1772735862010,10,0.5
1772735862010,11,0.5
1772735862010,12,0.5
1772735862010,13,0.5
1772735862010,14,0.5
1772735862010,15,0.5
1772735862010,16,0.5
1772735862010,17,0.5
1772735862010,18,0.5
1772735862010,19,0.5
1772735862010,20,0.5
1772735862010,21,0.5
1772735862010,22,0.5
1772735862010,23,0.5
1772735862010,24,0.5
1772735862010,25,0.5
1772735862010,26,0.5
1772735862010,27,0.5
1772735862010,28,0.5
1772735862010,29,0.5
1772735862010,30,0.5
1772735862110,1,0.5
1772735862110,2,0.5
1772735862110,3,0.5
1772735862110,4,0.5
1772735862110,5,0.5
1772735862110,6,0.5
1772735862110,7,0.5
1772735862110,8,0.5
1772735862110,9,0.5
1772735862110,10,0.5
1772735862110,11,0.5
1772735862110,12,0.5
1772735862110,13,0.5
1772735862110,14,0.5
1772735862110,15,0.5
1772735862110,16,0.5
1772735862110,17,0.5
1772735862110,18,0.5
1772735862110,19,0.5
1772735862110,20,0.5
1772735862110,21,0.5
1772735862110,22,0.5
1772735862110,23,0.5
1772735862110,24,0.5
1772735862110,25,0.5
1772735862110,26,0.5
1772735862110,27,0.5
1772735862110,28,0.5
1772735862110,29,0.5
1772735862110,30,0.5
1772735862210,1,0.5
1772735862210,2,0.5
1772735862210,3,0.5
1772735862210,4,0.5
1772735862210,5,0.5
1772735862210,6,0.5
1772735862210,7,0.5
1772735862210,8,0.5
1772735862210,9,0.5
1772735862210,10,0.5
1772735862210,11,0.5
1772735862210,12,0.5
1772735862210,13,0.5
1772735862210,14,0.5
1772735862210,15,0.5
1772735862210,16,0.5
1772735862210,17,0.5
1772735862210,18,0.5
1772735862210,19,0.5
1772735862210,20,0.5
1772735862210,21,0.5
1772735862210,22,0.5
1772735862210,23,0.5
1772735862210,24,0.5
1772735862210,25,0.5
1772735862210,26,0.5
1772735862210,27,0.5
1772735862210,28,0.5
1772735862210,29,0.5
1772735862210,30,0.5
1772735862310,1,0.5
1772735862310,2,0.5
1772735862310,3,0.5
1772735862310,4,0.5
1772735862310,5,0.5
1772735862310,6,0.5
1772735862310,7,0.5
1772735862310,8,0.5
1772735862310,9,0.5
1772735862310,10,0.5
1772735862310,11,0.5
1772735862310,12,0.5
1772735862310,13,0.5
1772735862310,14,0.5
1772735862310,15,0.5
1772735862310,16,0.5
1772735862310,17,0.5
1772735862310,18,0.5
1772735862310,19,0.5
1772735862310,20,0.5
1772735862310,21,0.5
1772735862310,22,0.5
1772735862310,23,0.5
1772735862310,24,0.5
1772735862310,25,0.5
1772735862310,26,0.5
1772735862310,27,0.5
1772735862310,28,0.5
1772735862310,29,0.5
1772735862310,30,0.5
1772735862410,1,0.5
1772735862410,2,0.5
1772735862410,3,0.5
1772735862410,4,0.5
1772735862410,5,0.5
1772735862410,6,0.5
1772735862410,7,0.5
1772735862410,8,0.5
1772735862410,9,0.5
1772735862410,10,0.5
1772735862410,11,0.5
1772735862410,12,0.5
1772735862410,13,0.5
1772735862410,14,0.5
1772735862410,15,0.5
1772735862410,16,0.5
1772735862410,17,0.5
1772735862410,18,0.5
1772735862410,19,0.5
1772735862410,20,0.5
1772735862410,21,0.5
1772735862410,22,0.5
1772735862410,23,0.5
1772735862410,24,0.5
1772735862410,25,0.5
1772735862410,26,0.5
1772735862410,27,0.5
1772735862410,28,0.5
1772735862410,29,0.5
1772735862410,30,0.5
1772735862510,1,0.5
1772735862510,2,0.5
1772735862510,3,0.5
1772735862510,4,0.5
1772735862510,5,0.5
1772735862510,6,0.5
1772735862510,7,0.5
1772735862510,8,0.5
1772735862510,9,0.5
1772735862510,10,0.5
1772735862510,11,0.5
1772735862510,12,0.5
1772735862510,13,0.5
1772735862510,14,0.5
1772735862510,15,0.5
1772735862510,16,0.5
1772735862510,17,0.5
1772735862510,18,0.5
1772735862510,19,0.5
1772735862510,20,0.5
1772735862510,21,0.5
1772735862510,22,0.5
1772735862510,23,0.5
1772735862510,24,0.5
1772735862510,25,0.5
1772735862510,26,0.5
1772735862510,27,0.5
1772735862510,28,0.5
1772735862510,29,0.5
1772735862510,30,0.5
1772735862610,1,0.5
1772735862610,2,0.5
1772735862610,3,0.5
1772735862610,4,0.5
1772735862610,5,0.5
1772735862610,6,0.5
1772735862610,7,0.5
1772735862610,8,0.5
1772735862610,9,0.5
1772735862610,10,0.5
1772735862610,11,0.5
1772735862610,12,0.5
1772735862610,13,0.5
1772735862610,14,0.5
1772735862610,15,0.5
1772735862610,16,0.5
1772735862610,17,0.5
1772735862610,18,0.5
1772735862610,19,0.5
1772735862610,20,0.5
1772735862610,21,0.5
1772735862610,22,0.5
1772735862610,23,0.5
1772735862610,24,0.5
1772735862610,25,0.5
1772735862610,26,0.5
1772735862610,27,0.5
1772735862610,28,0.5
1772735862610,29,0.5
1772735862610,30,0.5
1772735862710,1,0.5
1772735862710,2,0.5
1772735862710,3,0.5
1772735862710,4,0.5
1772735862710,5,0.5
1772735862710,6,0.5
1772735862710,7,0.5
1772735862710,8,0.5
1772735862710,9,0.5
1772735862710,10,0.5
1772735862710,11,0.5
1772735862710,12,0.5
1772735862710,13,0.5
1772735862710,14,0.5
1772735862710,15,0.5
1772735862710,16,0.5
1772735862710,17,0.5
1772735862710,18,0.5
1772735862710,19,0.5
1772735862710,20,0.5
1772735862710,21,0.5
1772735862710,22,0.5
1772735862710,23,0.5
1772735862710,24,0.5
1772735862710,25,0.5
1772735862710,26,0.5
1772735862710,27,0.5
1772735862710,28,0.5
1772735862710,29,0.5
1772735862710,30,0.5
1772735862810,1,0.5
1772735862810,2,0.5
1772735862810,3,0.5
1772735862810,4,0.5
1772735862810,5,0.5
1772735862810,6,0.5
1772735862810,7,0.5
1772735862810,8,0.5
1772735862810,9,0.5
1772735862810,10,0.5
1772735862810,11,0.5
1772735862810,12,0.5
1772735862810,13,0.5
1772735862810,14,0.5
1772735862810,15,0.5
1772735862810,16,0.5
1772735862810,17,0.5
1772735862810,18,0.5
1772735862810,19,0.5
1772735862810,20,0.5
1772735862810,21,0.5
1772735862810,22,0.5
1772735862810,23,0.5
1772735862810,24,0.5
1772735862810,25,0.5
1772735862810,26,0.5
1772735862810,27,0.5
1772735862810,28,0.5
1772735862810,29,0.5
1772735862810,30,0.5
1772735862910,1,0.5
1772735862910,2,0.5
1772735862910,3,0.5
1772735862910,4,0.5
1772735862910,5,0.5
1772735862910,6,0.5
1772735862910,7,0.5
1772735862910,8,0.5
1772735862910,9,0.5
1772735862910,10,0.5
1772735862910,11,0.5
1772735862910,12,0.5
1772735862910,13,0.5
1772735862910,14,0.5
1772735862910,15,0.5
1772735862910,16,0.5
1772735862910,17,0.5
1772735862910,18,0.5
1772735862910,19,0.5
1772735862910,20,0.5
1772735862910,21,0.5
1772735862910,22,0.5
1772735862910,23,0.5
1772735862910,24,0.5
1772735862910,25,0.5
1772735862910,26,0.5
1772735862910,27,0.5
1772735862910,28,0.5
1772735862910,29,0.5
1772735862910,30,0.5
1772735863010,1,0.5
1772735863010,2,0.5
1772735863010,3,0.5
1772735863010,4,0.5
1772735863010,5,0.5
1772735863010,6,0.5
1772735863010,7,0.5
1772735863010,8,0.5
1772735863010,9,0.5
1772735863010,10,0.5
1772735863010,11,0.5
1772735863010,12,0.5
1772735863010,13,0.5
1772735863010,14,0.5
1772735863010,15,0.5
1772735863010,16,0.5
1772735863010,17,0.5
1772735863010,18,0.5
1772735863010,19,0.5
1772735863010,20,0.5
1772735863010,21,0.5
1772735863010,22,0.5
1772735863010,23,0.5
1772735863010,24,0.5
1772735863010,25,0.5
1772735863010,26,0.5
1772735863010,27,0.5
1772735863010,28,0.5
1772735863010,29,0.5
1772735863010,30,0.5
1772735863110,1,0.5
1772735863110,2,0.5
1772735863110,3,0.5
1772735863110,4,0.5
1772735863110,5,0.5
1772735863110,6,0.5
1772735863110,7,0.5
1772735863110,8,0.5
1772735863110,9,0.5
1772735863110,10,0.5
1772735863110,11,0.5
1772735863110,12,0.5
1772735863110,13,0.5
1772735863110,14,0.5
1772735863110,15,0.5
1772735863110,16,0.5
1772735863110,17,0.5
1772735863110,18,0.5
1772735863110,19,0.5
1772735863110,20,0.5
1772735863110,21,0.5
1772735863110,22,0.5
1772735863110,23,0.5
1772735863110,24,0.5
1772735863110,25,0.5
1772735863110,26,0.5
1772735863110,27,0.5
1772735863110,28,0.5
1772735863110,29,0.5
1772735863110,30,0.5
1772735863210,1,0.5
1772735863210,2,0.5
1772735863210,3,0.5
1772735863210,4,0.5
1772735863210,5,0.5
1772735863210,6,0.5
1772735863210,7,0.5
1772735863210,8,0.5
1772735863210,9,0.5
1772735863210,10,0.5
1772735863210,11,0.5
1772735863210,12,0.5
1772735863210,13,0.5
1772735863210,14,0.5
1772735863210,15,0.5
1772735863210,16,0.5
1772735863210,17,0.5
1772735863210,18,0.5
1772735863210,19,0.5
1772735863210,20,0.5
1772735863210,21,0.5
1772735863210,22,0.5
1772735863210,23,0.5
1772735863210,24,0.5
1772735863210,25,0.5
1772735863210,26,0.5
1772735863210,27,0.5
1772735863210,28,0.5
1772735863210,29,0.5
1772735863210,30,0.5
1772735863310,1,0.5
1772735863310,2,0.5
1772735863310,3,0.5
1772735863310,4,0.5
1772735863310,5,0.5
1772735863310,6,0.5
1772735863310,7,0.5
1772735863310,8,0.5
1772735863310,9,0.5
1772735863310,10,0.5
1772735863310,11,0.5
1772735863310,12,0.5
1772735863310,13,0.5
1772735863310,14,0.5
1772735863310,15,0.5
1772735863310,16,0.5
1772735863310,17,0.5
1772735863310,18,0.5
1772735863310,19,0.5
1772735863310,20,0.5
1772735863310,21,0.5
1772735863310,22,0.5
1772735863310,23,0.5
1772735863310,24,0.5
1772735863310,25,0.5
1772735863310,26,0.5
1772735863310,27,0.5
1772735863310,28,0.5
1772735863310,29,0.5
1772735863310,30,0.5
1772735863410,1,0.5
1772735863410,2,0.5
1772735863410,3,0.5
1772735863410,4,0.5
1772735863410,5,0.5
1772735863410,6,0.5
1772735863410,7,0.5
1772735863410,8,0.5
1772735863410,9,0.5
1772735863410,10,0.5
1772735863410,11,0.5
1772735863410,12,0.5
1772735863410,13,0.5
1772735863410,14,0.5
1772735863410,15,0.5
1772735863410,16,0.5
1772735863410,17,0.5
1772735863410,18,0.5
1772735863410,19,0.5
1772735863410,20,0.5
1772735863410,21,0.5
1772735863410,22,0.5
1772735863410,23,0.5
1772735863410,24,0.5
1772735863410,25,0.5
1772735863410,26,0.5
1772735863410,27,0.5
1772735863410,28,0.5
1772735863410,29,0.5
1772735863410,30,0.5
1772735863510,1,0.5
1772735863510,2,0.5
1772735863510,3,0.5
1772735863510,4,0.5
1772735863510,5,0.5
1772735863510,6,0.5
1772735863510,7,0.5
1772735863510,8,0.5
1772735863510,9,0.5
1772735863510,10,0.5
1772735863510,11,0.5
1772735863510,12,0.5
1772735863510,13,0.5
1772735863510,14,0.5
1772735863510,15,0.5
1772735863510,16,0.5
1772735863510,17,0.5
1772735863510,18,0.5
1772735863510,19,0.5
1772735863510,20,0.5
1772735863510,21,0.5
1772735863510,22,0.5
1772735863510,23,0.5
1772735863510,24,0.5
1772735863510,25,0.5
1772735863510,26,0.5
1772735863510,27,0.5
1772735863510,28,0.5
1772735863510,29,0.5
1772735863510,30,0.5
1772735863610,1,0.5
1772735863610,2,0.5
1772735863610,3,0.5
1772735863610,4,0.5
1772735863610,5,0.5
1772735863610,6,0.5
1772735863610,7,0.5
1772735863610,8,0.5
1772735863610,9,0.5
1772735863610,10,0.5
1772735863610,11,0.5
1772735863610,12,0.5
1772735863610,13,0.5
1772735863610,14,0.5
1772735863610,15,0.5
1772735863610,16,0.5
1772735863610,17,0.5
1772735863610,18,0.5
1772735863610,19,0.5
1772735863610,20,0.5
1772735863610,21,0.5
1772735863610,22,0.5
1772735863610,23,0.5
1772735863610,24,0.5
1772735863610,25,0.5
1772735863610,26,0.5
1772735863610,27,0.5
1772735863610,28,0.5
1772735863610,29,0.5
1772735863610,30,0.5
1772735863710,1,0.5
1772735863710,2,0.5
1772735863710,3,0.5
1772735863710,4,0.5
1772735863710,5,0.5
1772735863710,6,0.5
1772735863710,7,0.5
1772735863710,8,0.5
1772735863710,9,0.5
1772735863710,10,0.5
1772735863710,11,0.5
1772735863710,12,0.5
1772735863710,13,0.5
1772735863710,14,0.5
1772735863710,15,0.5
1772735863710,16,0.5
1772735863710,17,0.5
1772735863710,18,0.5
1772735863710,19,0.5
1772735863710,20,0.5
1772735863710,21,0.5
1772735863710,22,0.5
1772735863710,23,0.5
1772735863710,24,0.5
1772735863710,25,0.5
1772735863710,26,0.5
1772735863710,27,0.5
1772735863710,28,0.5
1772735863710,29,0.5
1772735863710,30,0.5
1772735863810,1,0.5
1772735863810,2,0.5
1772735863810,3,0.5
1772735863810,4,0.5
1772735863810,5,0.5
1772735863810,6,0.5
1772735863810,7,0.5
1772735863810,8,0.5
1772735863810,9,0.5
1772735863810,10,0.5
1772735863810,11,0.5
1772735863810,12,0.5
1772735863810,13,0.5
1772735863810,14,0.5
1772735863810,15,0.5
1772735863810,16,0.5
1772735863810,17,0.5
1772735863810,18,0.5
1772735863810,19,0.5
1772735863810,20,0.5
1772735863810,21,0.5
1772735863810,22,0.5
1772735863810,23,0.5
1772735863810,24,0.5
1772735863810,25,0.5
1772735863810,26,0.5
1772735863810,27,0.5
1772735863810,28,0.5
1772735863810,29,0.5
1772735863810,30,0.5
1772735863910,1,0.5
1772735863910,2,0.5
1772735863910,3,0.5
1772735863910,4,0.5
1772735863910,5,0.5
1772735863910,6,0.5
1772735863910,7,0.5
1772735863910,8,0.5
1772735863910,9,0.5
1772735863910,10,0.5
1772735863910,11,0.5
1772735863910,12,0.5
1772735863910,13,0.5
1772735863910,14,0.5
1772735863910,15,0.5
1772735863910,16,0.5
1772735863910,17,0.5
1772735863910,18,0.5
1772735863910,19,0.5
1772735863910,20,0.5
1772735863910,21,0.5
1772735863910,22,0.5
1772735863910,23,0.5
1772735863910,24,0.5
1772735863910,25,0.5
1772735863910,26,0.5
1772735863910,27,0.5
1772735863910,28,0.5
1772735863910,29,0.5
1772735863910,30,0.5
1772735864010,1,0.5
1772735864010,2,0.5
1772735864010,3,0.5
1772735864010,4,0.5
1772735864010,5,0.5
1772735864010,6,0.5
1772735864010,7,0.5
1772735864010,8,0.5
1772735864010,9,0.5
1772735864010,10,0.5
1772735864010,11,0.5
1772735864010,12,0.5
1772735864010,13,0.5
1772735864010,14,0.5
1772735864010,15,0.5
1772735864010,16,0.5
1772735864010,17,0.5
1772735864010,18,0.5
1772735864010,19,0.5
1772735864010,20,0.5
1772735864010,21,0.5
1772735864010,22,0.5
1772735864010,23,0.5
1772735864010,24,0.5
1772735864010,25,0.5
1772735864010,26,0.5
1772735864010,27,0.5
1772735864010,28,0.5
1772735864010,29,0.5
1772735864010,30,0.5
1772735864110,1,0.5
1772735864110,2,0.5
1772735864110,3,0.5
1772735864110,4,0.5
1772735864110,5,0.5
1772735864110,6,0.5
1772735864110,7,0.5
1772735864110,8,0.5
1772735864110,9,0.5
1772735864110,10,0.5
1772735864110,11,0.5
1772735864110,12,0.5
1772735864110,13,0.5
1772735864110,14,0.5
1772735864110,15,0.5
1772735864110,16,0.5
1772735864110,17,0.5
1772735864110,18,0.5
1772735864110,19,0.5
1772735864110,20,0.5
1772735864110,21,0.5
1772735864110,22,0.5
1772735864110,23,0.5
1772735864110,24,0.5
1772735864110,25,0.5
1772735864110,26,0.5
1772735864110,27,0.5
1772735864110,28,0.5
1772735864110,29,0.5
1772735864110,30,0.5
